0 0.255534 0.166976 0.093359 0.170686
0 0.191049 0.251391 0.085659 0.157699
0 0.320019 0.299629 0.081809 0.153989
0 0.382579 0.208720 0.099134 0.183673
0 0.503369 0.159555 0.088547 0.174397
0 0.689605 0.171614 0.079885 0.153989
0 0.767565 0.170686 0.076035 0.152134
0 0.085178 0.409091 0.089509 0.165121
0 0.183349 0.404453 0.068335 0.144712
0 0.252647 0.422078 0.091434 0.168831
0 0.387392 0.401670 0.087584 0.165121
0 0.460058 0.311688 0.086622 0.166976
0 0.560635 0.282931 0.081809 0.161410
0 0.638114 0.286642 0.076997 0.153989
0 0.722329 0.306122 0.076035 0.148423
0 0.801251 0.305195 0.077960 0.150278
0 0.863811 0.278293 0.068335 0.144712
0 0.116939 0.563080 0.091434 0.165121
0 0.206449 0.562152 0.087584 0.163265
0 0.295476 0.586271 0.096246 0.174397
0 0.394610 0.558442 0.082772 0.144712
0 0.476420 0.551020 0.078922 0.148423
0 0.553898 0.549165 0.074110 0.148423
0 0.514437 0.419295 0.077960 0.155844
0 0.596246 0.422078 0.081809 0.150278
0 0.673244 0.420223 0.076035 0.142857
0 0.748797 0.433210 0.071222 0.135436
0 0.836381 0.435993 0.078922 0.148423
0 0.905197 0.399814 0.072185 0.139147
0 0.626564 0.545455 0.071222 0.133581
0 0.694899 0.537106 0.067372 0.135436
0 0.769971 0.550093 0.071222 0.128015
0 0.861405 0.560297 0.075072 0.141002
0 0.933109 0.532468 0.074110 0.141002
0 0.097690 0.675325 0.081809 0.144712
0 0.188162 0.666976 0.072185 0.120594
0 0.263234 0.700371 0.076035 0.135436
0 0.348893 0.698516 0.081809 0.146568
0 0.433590 0.673469 0.072185 0.133581
0 0.510106 0.674397 0.076997 0.135436
0 0.586141 0.675325 0.073147 0.137291
0 0.664581 0.681818 0.074110 0.142857
0 0.727623 0.653061 0.065448 0.129870
0 0.819538 0.685529 0.072185 0.142857
0 0.891242 0.665121 0.069297 0.113173
0 0.134745 0.814471 0.076997 0.141002
0 0.234360 0.799629 0.074110 0.129870
0 0.214148 0.870130 0.072185 0.115028
0 0.317613 0.805195 0.075072 0.096475
0 0.292589 0.872913 0.061598 0.064935
0 0.362849 0.871058 0.061598 0.076067
0 0.395091 0.792208 0.074110 0.133581
0 0.429740 0.883117 0.068335 0.096475
0 0.469682 0.786642 0.069297 0.129870
0 0.505294 0.910946 0.069297 0.129870
0 0.545717 0.794063 0.073147 0.129870
0 0.573628 0.883117 0.061598 0.118738
0 0.618383 0.785714 0.068335 0.131725
0 0.645813 0.898887 0.071222 0.124304
0 0.690087 0.784787 0.067372 0.122449
0 0.704042 0.858998 0.043311 0.077922
0 0.777671 0.842301 0.067372 0.126160
0 0.751203 0.753247 0.052936 0.107607
0 0.845043 0.775510 0.065448 0.118738
