0 0.117962 0.935625 0.056300 0.048750
0 0.172252 0.932500 0.065684 0.051250
0 0.226206 0.933125 0.058311 0.050000
0 0.279826 0.930312 0.055630 0.053125
0 0.334115 0.931562 0.052949 0.046875
0 0.385724 0.931562 0.056971 0.050625
0 0.436662 0.929063 0.050268 0.048125
0 0.487265 0.926250 0.058981 0.055000
0 0.541890 0.920625 0.060992 0.052500
0 0.596850 0.916562 0.050268 0.048125
0 0.649464 0.922188 0.060322 0.046875
0 0.704759 0.921250 0.050268 0.048750
0 0.755697 0.924063 0.058311 0.053125
0 0.810992 0.923438 0.054960 0.046875
0 0.867292 0.926875 0.060322 0.050000
0 0.924598 0.921250 0.055630 0.045000
0 0.141421 0.897188 0.053619 0.040625
0 0.196716 0.891875 0.059651 0.036250
0 0.252011 0.889062 0.050938 0.040625
0 0.303284 0.892188 0.055630 0.040625
0 0.359584 0.891563 0.056971 0.039375
0 0.410523 0.892188 0.051609 0.040625
0 0.462466 0.883750 0.054960 0.036250
0 0.517091 0.880938 0.050268 0.041875
0 0.569705 0.882500 0.061662 0.048750
0 0.621314 0.879375 0.061662 0.045000
0 0.677614 0.880625 0.053619 0.042500
0 0.732909 0.881563 0.052949 0.040625
0 0.780831 0.881250 0.052279 0.043750
0 0.835121 0.883125 0.049598 0.043750
0 0.892091 0.887813 0.057641 0.040625
0 0.109920 0.863437 0.053619 0.041875
0 0.163874 0.859688 0.051609 0.038125
0 0.222855 0.858437 0.055630 0.040625
0 0.273794 0.855938 0.056971 0.041875
0 0.325737 0.859688 0.056300 0.049375
0 0.379692 0.853125 0.056971 0.043750
0 0.434987 0.850938 0.060322 0.041875
0 0.490617 0.852500 0.061662 0.045000
0 0.544571 0.845625 0.051609 0.043750
0 0.598190 0.845625 0.058311 0.046250
0 0.652480 0.845938 0.052949 0.046875
0 0.703753 0.845313 0.061662 0.046875
0 0.757708 0.842187 0.056971 0.046875
0 0.813003 0.844063 0.060322 0.044375
0 0.871984 0.842500 0.056300 0.046250
0 0.925938 0.849688 0.056971 0.051875
0 0.134718 0.820000 0.053619 0.042500
0 0.190013 0.819375 0.059651 0.050000
0 0.245979 0.820625 0.065684 0.052500
0 0.296917 0.819063 0.053619 0.040625
0 0.351877 0.815000 0.061662 0.048750
0 0.408512 0.817187 0.051609 0.046875
0 0.459115 0.810937 0.061662 0.046875
0 0.514410 0.809688 0.058311 0.046875
0 0.571381 0.806250 0.048928 0.050000
0 0.627681 0.811875 0.056971 0.051250
0 0.679290 0.807500 0.054290 0.048750
0 0.733579 0.804375 0.058311 0.048750
0 0.786528 0.807187 0.054290 0.048125
0 0.842158 0.805000 0.050268 0.043750
0 0.909517 0.807187 0.058981 0.048125
0 0.106233 0.784062 0.060992 0.048125
0 0.159853 0.780625 0.054290 0.048750
0 0.211461 0.779375 0.063673 0.045000
0 0.272118 0.778438 0.057641 0.053125
0 0.326408 0.774062 0.054960 0.053125
0 0.378016 0.775312 0.060322 0.056875
0 0.434316 0.772813 0.060322 0.054375
0 0.488941 0.770312 0.062332 0.053125
0 0.542560 0.765000 0.058311 0.051250
0 0.598190 0.769062 0.058311 0.049375
0 0.655161 0.764375 0.058311 0.053750
0 0.707440 0.760625 0.056971 0.051250
0 0.763405 0.765938 0.060322 0.050625
0 0.819705 0.765938 0.053619 0.049375
0 0.878351 0.771875 0.050268 0.050000
0 0.927614 0.760000 0.053619 0.050000
0 0.126005 0.740938 0.053619 0.044375
0 0.182306 0.736250 0.061662 0.046250
0 0.236260 0.736875 0.062332 0.048750
0 0.293901 0.735313 0.056971 0.048125
0 0.350536 0.731563 0.067024 0.050625
0 0.406501 0.730625 0.056971 0.045000
0 0.458445 0.725000 0.060322 0.050000
0 0.515416 0.724688 0.053619 0.051875
0 0.573391 0.724063 0.050268 0.046875
0 0.622654 0.723437 0.060322 0.053125
0 0.682641 0.719688 0.056971 0.045625
0 0.735925 0.723750 0.060322 0.052500
0 0.793231 0.726250 0.054290 0.051250
0 0.848525 0.730938 0.060322 0.054375
0 0.900469 0.726562 0.052949 0.046875
0 0.093499 0.704063 0.062332 0.051875
0 0.152145 0.699063 0.068365 0.053125
0 0.208445 0.697500 0.056300 0.043750
0 0.260724 0.694063 0.067024 0.050625
0 0.319705 0.690000 0.058981 0.048750
0 0.377681 0.687813 0.060992 0.049375
0 0.432976 0.683125 0.050938 0.041250
0 0.486260 0.682500 0.056971 0.045000
0 0.542895 0.680625 0.054960 0.051250
0 0.599866 0.680625 0.054960 0.042500
0 0.656166 0.681562 0.053619 0.044375
0 0.712802 0.683125 0.054290 0.041250
0 0.770442 0.687813 0.055630 0.049375
0 0.825067 0.684688 0.050938 0.049375
0 0.876340 0.685312 0.055630 0.048125
0 0.935657 0.690937 0.060322 0.049375
0 0.116287 0.655000 0.060992 0.050000
0 0.177279 0.657188 0.062332 0.054375
0 0.235255 0.652813 0.063003 0.048125
0 0.289544 0.652813 0.061662 0.051875
0 0.347855 0.648125 0.060322 0.048750
0 0.404826 0.645000 0.053619 0.048750
0 0.459786 0.643125 0.056300 0.048750
0 0.515080 0.640000 0.060992 0.051250
0 0.570710 0.640000 0.056971 0.051250
0 0.625670 0.639687 0.059651 0.046875
0 0.673257 0.641563 0.048928 0.048125
0 0.729893 0.641563 0.060322 0.051875
0 0.783847 0.637188 0.055630 0.054375
0 0.833780 0.634062 0.060322 0.045625
0 0.885389 0.636250 0.063003 0.047500
0 0.936327 0.640000 0.061662 0.051250
0 0.084115 0.612812 0.063673 0.050625
0 0.147118 0.612812 0.058311 0.049375
0 0.197721 0.609062 0.058981 0.048125
0 0.258043 0.609375 0.058981 0.056250
0 0.315684 0.604062 0.057641 0.051875
0 0.370979 0.605000 0.060992 0.050000
0 0.429625 0.605000 0.060322 0.052500
0 0.483914 0.601875 0.054960 0.052500
0 0.535188 0.599688 0.060992 0.054375
0 0.593834 0.595625 0.064343 0.050000
0 0.649799 0.600938 0.055630 0.058125
0 0.707105 0.595938 0.054960 0.046875
0 0.758043 0.597187 0.053619 0.053125
0 0.814008 0.595000 0.055630 0.055000
0 0.865952 0.594688 0.058981 0.054375
0 0.922252 0.597812 0.056300 0.054375
0 0.108244 0.567813 0.056971 0.046875
0 0.165885 0.568125 0.062332 0.048750
0 0.226542 0.565312 0.060322 0.051875
0 0.284517 0.563750 0.062332 0.051250
0 0.341823 0.558438 0.061662 0.053125
0 0.398458 0.559688 0.058311 0.053125
0 0.454759 0.556562 0.056971 0.049375
0 0.512735 0.555625 0.058981 0.048750
0 0.567024 0.552813 0.049598 0.051875
0 0.618633 0.550937 0.053619 0.051875
0 0.672587 0.552813 0.054290 0.051875
0 0.727882 0.548438 0.056300 0.046875
0 0.786193 0.551875 0.053619 0.052500
0 0.831769 0.551250 0.050938 0.048750
0 0.889410 0.553125 0.058981 0.050000
0 0.947386 0.547813 0.063673 0.051875
0 0.077748 0.524375 0.063003 0.051250
0 0.139745 0.525312 0.063673 0.055625
0 0.197721 0.520625 0.061662 0.047500
0 0.254692 0.520625 0.058981 0.052500
0 0.311997 0.517188 0.056971 0.046875
0 0.367627 0.513750 0.060992 0.051250
0 0.426609 0.512188 0.056971 0.051875
0 0.484920 0.510938 0.059651 0.053125
0 0.538539 0.512813 0.052949 0.046875
0 0.590483 0.512813 0.053619 0.044375
0 0.645777 0.509375 0.050268 0.050000
0 0.698391 0.510625 0.058981 0.048750
0 0.755697 0.505938 0.055630 0.051875
0 0.812332 0.507188 0.058981 0.054375
0 0.872654 0.508125 0.061662 0.053750
0 0.930630 0.503750 0.060992 0.050000
0 0.104558 0.478438 0.056300 0.049375
0 0.163874 0.479375 0.058311 0.055000
0 0.225871 0.475313 0.061662 0.055625
0 0.281166 0.474062 0.051609 0.053125
0 0.336796 0.473750 0.055630 0.046250
0 0.397788 0.473750 0.052949 0.046250
0 0.453753 0.469375 0.054960 0.050000
0 0.507373 0.466875 0.052279 0.048750
0 0.562332 0.468125 0.053619 0.048750
0 0.615952 0.465938 0.060322 0.053125
0 0.676609 0.464062 0.055630 0.053125
0 0.727882 0.462813 0.049598 0.046875
0 0.781501 0.463750 0.063003 0.048750
0 0.837466 0.460938 0.051609 0.046875
0 0.892761 0.459375 0.058981 0.050000
0 0.950737 0.453125 0.059651 0.050000
0 0.069035 0.437500 0.060322 0.050000
0 0.127011 0.432500 0.065013 0.055000
0 0.190013 0.431563 0.067694 0.046875
0 0.251005 0.428438 0.062332 0.046875
0 0.305630 0.429063 0.056300 0.048125
0 0.362265 0.430625 0.056971 0.048750
0 0.421247 0.427812 0.059651 0.048125
0 0.476542 0.427812 0.063003 0.048125
0 0.529826 0.425938 0.056971 0.048125
0 0.587131 0.420625 0.060322 0.056250
0 0.644102 0.417500 0.056300 0.053750
0 0.701072 0.418125 0.063003 0.057500
0 0.758043 0.418750 0.050938 0.056250
0 0.815349 0.416875 0.063673 0.057500
0 0.870308 0.413125 0.054290 0.050000
0 0.928284 0.411250 0.054960 0.047500
0 0.087802 0.390625 0.067024 0.056250
0 0.154155 0.385313 0.065684 0.058125
0 0.220845 0.383437 0.065013 0.053125
0 0.279826 0.384688 0.055630 0.050625
0 0.337131 0.381563 0.060322 0.055625
0 0.391086 0.384688 0.059651 0.055625
0 0.454088 0.382188 0.055630 0.051875
0 0.508043 0.380000 0.053619 0.050000
0 0.561997 0.378437 0.054290 0.053125
0 0.615617 0.376250 0.052949 0.051250
0 0.673592 0.373125 0.061662 0.048750
0 0.732909 0.373750 0.060992 0.050000
0 0.787198 0.370000 0.055630 0.051250
0 0.841823 0.367500 0.056300 0.043750
0 0.898458 0.365938 0.056971 0.049375
0 0.953083 0.366563 0.061662 0.048125
0 0.056971 0.340938 0.061662 0.050625
0 0.121314 0.340938 0.064343 0.050625
0 0.185657 0.340000 0.065684 0.055000
0 0.241957 0.337813 0.063003 0.055625
0 0.303619 0.340313 0.060322 0.054375
0 0.362936 0.338750 0.056971 0.048750
0 0.422252 0.336875 0.054960 0.051250
0 0.480898 0.336250 0.058311 0.050000
0 0.534182 0.335000 0.058981 0.050000
0 0.588807 0.335313 0.054290 0.045625
0 0.645442 0.331250 0.053619 0.050000
0 0.704088 0.328750 0.056971 0.050000
0 0.755697 0.326875 0.058311 0.053750
0 0.815013 0.323750 0.060322 0.052500
0 0.872654 0.324375 0.054960 0.051250
0 0.926609 0.321250 0.058311 0.048750
0 0.955764 0.276250 0.060322 0.051250
0 0.902145 0.277813 0.056300 0.054375
0 0.847855 0.279375 0.061662 0.051250
0 0.791555 0.283125 0.064343 0.056250
0 0.734584 0.284062 0.063003 0.051875
0 0.676609 0.285625 0.065013 0.055000
0 0.617292 0.289062 0.060322 0.053125
0 0.564678 0.288438 0.062332 0.054375
0 0.509383 0.290000 0.065684 0.055000
0 0.449732 0.291875 0.060322 0.048750
0 0.393432 0.290938 0.061662 0.055625
0 0.330764 0.293125 0.067694 0.061250
0 0.267761 0.290625 0.065013 0.056250
0 0.208445 0.290312 0.064343 0.051875
0 0.145442 0.291875 0.068365 0.057500
0 0.077413 0.290312 0.070375 0.058125
0 0.048928 0.237187 0.067024 0.054375
0 0.109584 0.236875 0.067694 0.055000
0 0.173928 0.240937 0.071716 0.055625
0 0.236930 0.238437 0.067694 0.051875
0 0.299933 0.238750 0.062332 0.055000
0 0.359584 0.242500 0.056971 0.053750
0 0.418231 0.240625 0.060322 0.056250
0 0.476542 0.240313 0.063003 0.058125
0 0.534517 0.241250 0.058311 0.056250
0 0.591153 0.239375 0.061662 0.062500
0 0.649129 0.236563 0.060992 0.053125
0 0.708780 0.237187 0.058311 0.054375
0 0.767091 0.234375 0.062332 0.056250
0 0.827748 0.232187 0.061662 0.058125
0 0.890416 0.230000 0.060992 0.060000
0 0.965483 0.226250 0.063673 0.063750
0 0.072721 0.187500 0.066354 0.056250
0 0.140416 0.188125 0.065013 0.056250
0 0.202078 0.188750 0.070375 0.057500
0 0.268097 0.190312 0.061662 0.051875
0 0.327413 0.191562 0.063673 0.054375
0 0.385054 0.187812 0.065013 0.053125
0 0.445375 0.187188 0.062332 0.054375
0 0.508378 0.190312 0.056971 0.051875
0 0.564343 0.190938 0.061662 0.053125
0 0.625335 0.180625 0.067024 0.051250
0 0.684987 0.185625 0.054960 0.055000
0 0.746649 0.176250 0.067024 0.063750
0 0.808646 0.175625 0.063673 0.056250
0 0.870979 0.172187 0.062332 0.059375
0 0.926609 0.181250 0.055630 0.056250
0 0.966823 0.139375 0.065013 0.062500
0 0.905496 0.130000 0.057641 0.050000
0 0.843164 0.123125 0.060322 0.057500
0 0.785858 0.126250 0.058311 0.051250
0 0.717158 0.130000 0.058981 0.052500
0 0.654491 0.132500 0.063673 0.055000
0 0.593834 0.130000 0.063003 0.053750
0 0.534517 0.136875 0.069035 0.055000
0 0.471515 0.137187 0.067694 0.060625
0 0.414544 0.137500 0.060992 0.056250
0 0.356903 0.136250 0.062332 0.056250
0 0.295576 0.137813 0.067024 0.053125
0 0.235255 0.137500 0.069705 0.050000
0 0.170576 0.133437 0.069035 0.053125
0 0.109584 0.134687 0.070375 0.061875
0 0.041890 0.131562 0.069035 0.061875
0 0.070710 0.080625 0.070375 0.070000
0 0.134718 0.078750 0.069705 0.062500
0 0.199397 0.082500 0.065013 0.055000
0 0.263070 0.084687 0.065013 0.055625
0 0.323727 0.082500 0.067024 0.055000
0 0.385054 0.080937 0.069035 0.058125
0 0.449062 0.080625 0.065684 0.055000
0 0.511059 0.085312 0.055630 0.060625
0 0.565349 0.080625 0.063673 0.055000
0 0.627011 0.076250 0.056971 0.061250
0 0.688673 0.077188 0.062332 0.059375
0 0.750670 0.076875 0.065684 0.060000
0 0.815684 0.073750 0.061662 0.058750
0 0.881702 0.080000 0.056971 0.053750
0 0.949062 0.080625 0.064343 0.055000
