0 0.196677 0.275000 0.127546 0.152857
0 0.329582 0.292143 0.123258 0.158571
0 0.431404 0.201429 0.114684 0.160000
0 0.621651 0.193571 0.085745 0.132857
0 0.701501 0.197143 0.076099 0.125714
0 0.772776 0.109286 0.077170 0.130000
0 0.517685 0.205714 0.070740 0.140000
0 0.444266 0.323571 0.093248 0.107143
0 0.538585 0.285714 0.080386 0.114286
0 0.559486 0.369286 0.072883 0.101429
0 0.620579 0.295000 0.077170 0.101429
0 0.679528 0.297857 0.066452 0.090000
0 0.740086 0.309286 0.058950 0.090000
0 0.787245 0.232143 0.071811 0.118571
0 0.821543 0.125000 0.063237 0.112857
0 0.854770 0.252143 0.067524 0.112857
0 0.903537 0.266429 0.060021 0.107143
0 0.918006 0.366429 0.063237 0.104286
0 0.847803 0.349286 0.062165 0.101429
0 0.871383 0.450714 0.064309 0.095714
0 0.861736 0.512857 0.057878 0.074286
0 0.803859 0.517143 0.060021 0.088571
0 0.785102 0.423571 0.061093 0.095714
0 0.746517 0.510714 0.063237 0.092857
0 0.689175 0.517143 0.070740 0.100000
0 0.726152 0.411429 0.056806 0.097143
0 0.672026 0.417857 0.072883 0.107143
0 0.598607 0.477857 0.058950 0.098571
0 0.547160 0.512857 0.080386 0.102857
0 0.461415 0.379286 0.078242 0.087143
0 0.348875 0.380714 0.097535 0.095714
0 0.129689 0.397857 0.122186 0.138571
0 0.244909 0.380714 0.103966 0.127143
0 0.091104 0.494286 0.120043 0.117143
0 0.199893 0.475000 0.099678 0.101429
0 0.296356 0.455714 0.088960 0.080000
0 0.257771 0.572143 0.093248 0.104286
0 0.344051 0.537143 0.083601 0.097143
0 0.400857 0.463571 0.087889 0.110000
0 0.429260 0.525714 0.078242 0.094286
