0 0.174000 0.389000 0.078667 0.060000
0 0.263333 0.381000 0.076000 0.058000
0 0.350000 0.384000 0.078667 0.058000
0 0.429333 0.380000 0.077333 0.058000
0 0.507333 0.380000 0.078667 0.058000
0 0.629333 0.332000 0.077333 0.060000
0 0.706667 0.330000 0.077333 0.058000
0 0.584667 0.380000 0.076000 0.058000
0 0.670000 0.382500 0.078667 0.059000
0 0.749333 0.384500 0.077333 0.059000
0 0.826000 0.383500 0.076000 0.059000
0 0.134667 0.436500 0.080000 0.059000
0 0.225333 0.430500 0.077333 0.057000
0 0.309333 0.428000 0.074667 0.054000
0 0.390000 0.431000 0.076000 0.058000
0 0.465333 0.426500 0.074667 0.057000
0 0.544000 0.428000 0.074667 0.058000
0 0.620000 0.425000 0.074667 0.056000
0 0.702667 0.429500 0.077333 0.055000
0 0.786000 0.434000 0.076000 0.058000
0 0.866000 0.434500 0.076000 0.059000
0 0.100667 0.485500 0.078667 0.057000
0 0.188000 0.475000 0.077333 0.056000
0 0.271333 0.470000 0.073333 0.056000
0 0.348667 0.477500 0.078667 0.057000
0 0.426000 0.474500 0.076000 0.055000
0 0.502667 0.475000 0.077333 0.058000
0 0.587333 0.484000 0.076000 0.056000
0 0.664667 0.480500 0.076000 0.057000
0 0.744000 0.483000 0.077333 0.058000
0 0.824000 0.483000 0.080000 0.058000
0 0.154000 0.522000 0.078667 0.056000
0 0.231333 0.518500 0.073333 0.059000
0 0.308000 0.518500 0.077333 0.057000
0 0.386667 0.520500 0.077333 0.059000
0 0.468667 0.538000 0.076000 0.056000
0 0.544667 0.528500 0.076000 0.057000
0 0.626667 0.538000 0.077333 0.058000
0 0.705333 0.534000 0.077333 0.058000
0 0.781333 0.534000 0.074667 0.058000
0 0.856667 0.531500 0.076000 0.057000
