0 0.348889 0.293333 0.075556 0.106667
0 0.491111 0.193333 0.066667 0.111111
0 0.620000 0.235556 0.057778 0.106667
0 0.746667 0.260000 0.053333 0.093333
0 0.686667 0.317778 0.057778 0.102222
0 0.791111 0.342222 0.044444 0.088889
0 0.913333 0.364444 0.040000 0.080000
0 0.955556 0.335556 0.035556 0.066667
0 0.548889 0.297778 0.066667 0.115556
0 0.493333 0.375556 0.080000 0.111111
0 0.528889 0.475556 0.071111 0.106667
0 0.324444 0.473333 0.080000 0.102222
0 0.453333 0.562222 0.080000 0.111111
0 0.531111 0.640000 0.075556 0.115556
0 0.311111 0.644444 0.080000 0.106667
0 0.440000 0.720000 0.080000 0.115556
0 0.313333 0.817778 0.066667 0.097778
0 0.471111 0.813333 0.071111 0.106667
0 0.615556 0.802222 0.057778 0.084444
0 0.622222 0.724444 0.062222 0.106667
0 0.668889 0.635556 0.057778 0.097778
0 0.637778 0.557778 0.057778 0.102222
0 0.648889 0.388889 0.071111 0.102222
0 0.686667 0.480000 0.057778 0.097778
0 0.764444 0.406667 0.053333 0.093333
0 0.786667 0.488889 0.053333 0.088889
0 0.748889 0.560000 0.057778 0.097778
0 0.760000 0.642222 0.053333 0.084444
0 0.722222 0.706667 0.057778 0.088889
0 0.715556 0.786667 0.053333 0.080000
0 0.817778 0.771111 0.044444 0.066667
0 0.815556 0.704444 0.048889 0.075556
0 0.846667 0.633333 0.040000 0.075556
0 0.826667 0.557778 0.044444 0.084444
0 0.862222 0.495556 0.044444 0.066667
0 0.857778 0.422222 0.044444 0.071111
0 0.904444 0.440000 0.040000 0.071111
0 0.957778 0.451111 0.031111 0.066667
0 0.977778 0.397778 0.026667 0.066667
0 0.920000 0.506667 0.035556 0.071111
0 0.964444 0.515556 0.035556 0.062222
0 0.893333 0.568889 0.044444 0.071111
0 0.904444 0.631111 0.031111 0.071111
0 0.886667 0.695556 0.040000 0.075556
0 0.882222 0.760000 0.031111 0.062222
0 0.937778 0.751111 0.035556 0.053333
0 0.942222 0.688889 0.035556 0.062222
0 0.957778 0.635556 0.031111 0.062222
0 0.953333 0.573333 0.031111 0.062222
