0 0.168000 0.552000 0.200000 0.312000
0 0.196000 0.354000 0.080000 0.124000
0 0.248000 0.300000 0.056000 0.080000
0 0.284000 0.276000 0.024000 0.040000
0 0.328000 0.258000 0.032000 0.044000
0 0.356000 0.266000 0.016000 0.028000
0 0.422000 0.260000 0.044000 0.056000
0 0.482000 0.312000 0.076000 0.112000
0 0.314000 0.314000 0.044000 0.068000
0 0.292000 0.426000 0.120000 0.180000
0 0.392000 0.346000 0.104000 0.156000
0 0.502000 0.480000 0.156000 0.216000
0 0.380000 0.628000 0.184000 0.264000
0 0.572000 0.710000 0.184000 0.244000
