0 0.191667 0.165663 0.213333 0.275100
0 0.149167 0.361446 0.155000 0.212851
0 0.054167 0.547189 0.105000 0.194779
0 0.180833 0.693775 0.138333 0.150602
0 0.364167 0.604418 0.165000 0.192771
0 0.307500 0.446787 0.115000 0.122490
0 0.350000 0.345382 0.150000 0.188755
0 0.501667 0.404618 0.123333 0.146586
0 0.585833 0.218876 0.118333 0.144578
0 0.658333 0.377510 0.140000 0.160643
0 0.604167 0.518072 0.151667 0.160643
0 0.605833 0.783133 0.178333 0.156627
0 0.786667 0.673695 0.113333 0.098394
0 0.852500 0.598394 0.121667 0.104418
0 0.747500 0.506024 0.081667 0.096386
0 0.812500 0.484940 0.115000 0.134538
0 0.931667 0.493976 0.136667 0.160643
0 0.821667 0.356426 0.130000 0.106426
0 0.933333 0.265060 0.133333 0.160643
0 0.782500 0.219880 0.175000 0.182731
0 0.532500 0.591365 0.098333 0.086345
