0 0.561818 0.362398 0.105455 0.174387
0 0.703636 0.235695 0.090909 0.166213
0 0.807273 0.268392 0.087273 0.155313
0 0.899091 0.279292 0.081818 0.149864
0 0.664545 0.367847 0.096364 0.163488
0 0.747273 0.380109 0.083636 0.155313
0 0.858182 0.407357 0.083636 0.155313
0 0.611818 0.510899 0.100000 0.166213
0 0.704545 0.512262 0.089091 0.163488
0 0.798182 0.516349 0.090909 0.160763
0 0.896364 0.542234 0.083636 0.152589
0 0.555455 0.659401 0.100000 0.168937
0 0.655455 0.655313 0.100000 0.160763
0 0.749091 0.653951 0.087273 0.158038
0 0.838182 0.655313 0.087273 0.160763
0 0.604545 0.801090 0.100000 0.163488
0 0.701818 0.791553 0.090909 0.166213
0 0.791818 0.787466 0.085455 0.158038
0 0.882727 0.784741 0.081818 0.152589
0 0.919091 0.433243 0.030909 0.054496
