0 0.006615 0.625000 0.011025 0.020588
0 0.020948 0.625735 0.015436 0.022059
0 0.037486 0.626471 0.017641 0.023529
0 0.053473 0.626471 0.014333 0.023529
0 0.012128 0.647059 0.017641 0.020588
0 0.029768 0.648529 0.015436 0.020588
0 0.046307 0.650000 0.015436 0.020588
0 0.015436 0.734559 0.028666 0.054412
0 0.050717 0.736029 0.039691 0.054412
0 0.099779 0.789706 0.098126 0.132353
0 0.218302 0.266912 0.068357 0.057353
0 0.546858 0.280882 0.041896 0.038235
0 0.684123 0.283824 0.098126 0.129412
0 0.570011 0.336765 0.083793 0.111765
0 0.484013 0.307353 0.092613 0.126471
0 0.385336 0.294118 0.098126 0.126471
0 0.306505 0.332353 0.085998 0.114706
0 0.208379 0.330882 0.088203 0.117647
0 0.115215 0.331618 0.091510 0.119118
0 0.119625 0.475000 0.093716 0.123529
0 0.213892 0.466912 0.094818 0.127941
0 0.320838 0.473529 0.090408 0.117647
0 0.409041 0.464706 0.092613 0.123529
0 0.500551 0.463971 0.092613 0.122059
0 0.593716 0.461765 0.091510 0.123529
0 0.687431 0.458824 0.095921 0.123529
0 0.754686 0.320588 0.084895 0.117647
0 0.848401 0.314706 0.089305 0.117647
0 0.789967 0.453676 0.095921 0.127941
0 0.886439 0.450735 0.097023 0.125000
0 0.882580 0.609559 0.106946 0.145588
0 0.683021 0.610294 0.113561 0.150000
0 0.757993 0.610294 0.073870 0.132353
0 0.554576 0.613971 0.092613 0.127941
0 0.457552 0.613971 0.114664 0.154412
0 0.343991 0.619853 0.110254 0.151471
0 0.231533 0.622059 0.112459 0.150000
0 0.117971 0.627941 0.114664 0.150000
0 0.243109 0.760294 0.082690 0.114706
0 0.323043 0.759559 0.077178 0.119118
0 0.399669 0.782353 0.100331 0.141176
0 0.501103 0.782353 0.102536 0.144118
0 0.605843 0.784559 0.109151 0.148529
0 0.703418 0.775000 0.097023 0.138235
0 0.812569 0.777206 0.103638 0.139706
0 0.932745 0.779412 0.105843 0.147059
