0 0.375000 0.796034 0.089844 0.135977
0 0.460938 0.729462 0.085938 0.127479
0 0.334961 0.926346 0.087891 0.124646
0 0.422852 0.862606 0.083984 0.121813
0 0.506836 0.801700 0.083984 0.124646
0 0.614258 0.754958 0.048828 0.076487
0 0.589844 0.712465 0.050781 0.076487
0 0.663086 0.719547 0.044922 0.073654
0 0.638672 0.679887 0.050781 0.073654
0 0.616211 0.637394 0.052734 0.079320
0 0.666992 0.603399 0.048828 0.073654
0 0.688477 0.645892 0.044922 0.073654
0 0.763672 0.634561 0.031250 0.050992
0 0.783203 0.658640 0.031250 0.048159
0 0.776367 0.586402 0.029297 0.050992
0 0.795898 0.607649 0.029297 0.053824
0 0.815430 0.638810 0.029297 0.048159
0 0.828125 0.592068 0.031250 0.050992
0 0.845703 0.610482 0.027344 0.048159
0 0.805664 0.553824 0.029297 0.053824
0 0.838867 0.539660 0.029297 0.053824
0 0.857422 0.560907 0.027344 0.050992
0 0.912109 0.549575 0.023438 0.039660
0 0.922852 0.569405 0.021484 0.039660
0 0.946289 0.550992 0.021484 0.036827
0 0.935547 0.529745 0.019531 0.033994
0 0.924805 0.511331 0.021484 0.036827
0 0.946289 0.491501 0.021484 0.036827
0 0.957031 0.511331 0.023438 0.042493
0 0.966797 0.531161 0.019531 0.036827
0 0.978516 0.491501 0.019531 0.036827
0 0.969727 0.473088 0.021484 0.033994
