0 0.022461 0.474609 0.041016 0.031250
0 0.104492 0.459961 0.044922 0.044922
0 0.249023 0.369141 0.044922 0.039062
0 0.323242 0.417969 0.041016 0.042969
0 0.374023 0.583984 0.134766 0.128906
0 0.200195 0.722656 0.130859 0.125000
0 0.166016 0.837891 0.125000 0.113281
0 0.154297 0.906250 0.117188 0.089844
0 0.274414 0.949219 0.111328 0.023438
0 0.293945 0.903320 0.119141 0.095703
0 0.327148 0.804688 0.134766 0.093750
0 0.344727 0.711914 0.138672 0.123047
0 0.483398 0.690430 0.138672 0.126953
0 0.607422 0.751953 0.132812 0.117188
0 0.723633 0.770508 0.107422 0.107422
0 0.806641 0.810547 0.113281 0.101562
0 0.881836 0.888672 0.115234 0.093750
0 0.948242 0.945312 0.103516 0.027344
0 0.764648 0.922852 0.115234 0.068359
0 0.677734 0.879883 0.105469 0.091797
0 0.574219 0.835938 0.128906 0.105469
0 0.422852 0.893555 0.126953 0.111328
0 0.539062 0.923828 0.117188 0.074219
0 0.388672 0.944336 0.101562 0.029297
