0 0.290353 0.275000 0.083488 0.066667
0 0.376623 0.287500 0.085343 0.063889
0 0.463822 0.297222 0.085343 0.069444
0 0.550093 0.314583 0.083488 0.065278
0 0.637291 0.329167 0.079777 0.063889
0 0.719852 0.340278 0.085343 0.061111
0 0.798701 0.354167 0.076067 0.058333
0 0.871985 0.364583 0.070501 0.059722
0 0.236549 0.320833 0.087199 0.063889
0 0.325603 0.334028 0.083488 0.059722
0 0.410946 0.345833 0.083488 0.058333
0 0.493506 0.362500 0.081633 0.063889
0 0.573284 0.370833 0.070501 0.058333
0 0.653061 0.387500 0.081633 0.058333
0 0.738404 0.400000 0.085343 0.058333
0 0.812616 0.409028 0.074212 0.054167
0 0.901670 0.422917 0.077922 0.056944
0 0.189239 0.364583 0.077922 0.059722
0 0.273655 0.379167 0.083488 0.055556
0 0.360853 0.390278 0.079777 0.055556
0 0.439703 0.400694 0.074212 0.059722
0 0.518553 0.413889 0.076067 0.055556
0 0.596475 0.427778 0.079777 0.058333
0 0.673469 0.437500 0.070501 0.052778
0 0.747681 0.452083 0.077922 0.056944
0 0.837662 0.461806 0.076067 0.051389
0 0.910946 0.472222 0.074212 0.047222
0 0.146568 0.408333 0.077922 0.055556
0 0.229128 0.418750 0.072356 0.048611
0 0.311688 0.429861 0.077922 0.048611
0 0.390538 0.440972 0.076067 0.051389
0 0.465677 0.454861 0.074212 0.051389
0 0.541744 0.458333 0.074212 0.047222
0 0.615028 0.477083 0.068646 0.045833
0 0.687384 0.483333 0.064935 0.041667
0 0.766234 0.497917 0.074212 0.043056
0 0.837662 0.506250 0.068646 0.040278
0 0.907236 0.513194 0.070501 0.040278
0 0.185529 0.456944 0.077922 0.050000
0 0.047310 0.502778 0.087199 0.058333
0 0.269944 0.463194 0.068646 0.040278
0 0.345083 0.475694 0.070501 0.045833
0 0.417440 0.490278 0.074212 0.050000
0 0.491651 0.500000 0.070501 0.047222
0 0.563080 0.506250 0.064935 0.048611
0 0.633581 0.515972 0.068646 0.040278
0 0.706865 0.525694 0.070501 0.045833
0 0.777365 0.538194 0.070501 0.037500
0 0.851577 0.554167 0.070501 0.044444
0 0.920223 0.563889 0.063080 0.041667
0 0.137291 0.504861 0.066790 0.045833
0 0.225417 0.499306 0.064935 0.043056
0 0.187384 0.531944 0.063080 0.044444
0 0.254174 0.549306 0.066790 0.043056
0 0.301484 0.508333 0.064935 0.047222
0 0.371058 0.522917 0.066790 0.043056
0 0.444341 0.534722 0.064935 0.041667
0 0.512987 0.541667 0.068646 0.041667
0 0.584416 0.558333 0.070501 0.044444
0 0.652134 0.559722 0.064935 0.038889
0 0.724490 0.572917 0.064935 0.040278
0 0.790353 0.577778 0.063080 0.038889
0 0.872913 0.610417 0.068646 0.043056
0 0.918367 0.595833 0.051948 0.027778
0 0.012987 0.559028 0.022263 0.048611
0 0.093692 0.548611 0.068646 0.041667
0 0.064935 0.574306 0.066790 0.037500
0 0.030612 0.606250 0.057514 0.037500
0 0.069573 0.643056 0.061224 0.036111
0 0.106679 0.609028 0.064935 0.031944
0 0.147495 0.573611 0.061224 0.038889
0 0.217069 0.581944 0.063080 0.038889
0 0.282931 0.592361 0.061224 0.043056
0 0.326531 0.556250 0.059369 0.040278
0 0.400742 0.562500 0.063080 0.038889
0 0.465677 0.579167 0.063080 0.038889
0 0.536178 0.581944 0.059369 0.036111
0 0.602968 0.590972 0.063080 0.034722
0 0.669759 0.596528 0.059369 0.037500
0 0.734694 0.605556 0.063080 0.025000
0 0.802412 0.620139 0.061224 0.040278
0 0.939703 0.652778 0.068646 0.038889
0 0.942486 0.689583 0.063080 0.031944
0 0.878479 0.673611 0.053803 0.027778
0 0.818182 0.664583 0.059369 0.040278
0 0.751391 0.647222 0.055659 0.038889
0 0.686456 0.639583 0.066790 0.040278
0 0.619666 0.622222 0.055659 0.025000
0 0.555659 0.615972 0.057514 0.029167
0 0.490724 0.613889 0.061224 0.030556
0 0.423006 0.607639 0.063080 0.043056
0 0.355288 0.597917 0.064935 0.037500
0 0.317254 0.625000 0.063080 0.030556
0 0.243043 0.629167 0.059369 0.036111
0 0.165121 0.631250 0.063080 0.045833
0 0.137291 0.647917 0.066790 0.040278
0 0.103896 0.679167 0.063080 0.036111
0 0.143785 0.700000 0.057514 0.033333
0 0.173469 0.684028 0.061224 0.034722
0 0.203154 0.661111 0.061224 0.036111
0 0.275510 0.659722 0.061224 0.041667
0 0.342301 0.665278 0.061224 0.041667
0 0.379406 0.634722 0.057514 0.036111
0 0.446197 0.650000 0.068646 0.038889
0 0.512987 0.647222 0.061224 0.030556
0 0.574212 0.643750 0.057514 0.026389
0 0.640074 0.667361 0.059369 0.037500
0 0.705009 0.680556 0.059369 0.038889
0 0.763451 0.684722 0.050093 0.033333
0 0.820965 0.694444 0.057514 0.025000
0 0.779221 0.727083 0.063080 0.034722
0 0.712430 0.707639 0.059369 0.018056
0 0.653061 0.703472 0.055659 0.037500
0 0.591837 0.695139 0.059369 0.037500
0 0.531540 0.679861 0.057514 0.034722
0 0.464750 0.690278 0.061224 0.038889
0 0.426716 0.706944 0.051948 0.033333
0 0.406308 0.672222 0.051948 0.033333
0 0.366419 0.698611 0.053803 0.033333
0 0.333024 0.720139 0.053803 0.026389
0 0.301484 0.696528 0.057514 0.031944
0 0.241187 0.689583 0.059369 0.031944
0 0.198516 0.727778 0.055659 0.036111
0 0.168831 0.736806 0.059369 0.029167
0 0.203154 0.761806 0.053803 0.031944
0 0.227273 0.790278 0.050093 0.030556
0 0.280148 0.803472 0.051948 0.029167
0 0.259740 0.772917 0.055659 0.034722
0 0.239332 0.743056 0.051948 0.030556
0 0.269944 0.718056 0.061224 0.030556
0 0.294063 0.752778 0.053803 0.036111
0 0.348794 0.771528 0.059369 0.029167
0 0.314471 0.784722 0.050093 0.030556
0 0.365492 0.805556 0.051948 0.030556
0 0.423006 0.807639 0.051948 0.031944
0 0.463822 0.781944 0.055659 0.030556
0 0.405380 0.770139 0.053803 0.029167
0 0.385900 0.748611 0.059369 0.033333
0 0.443414 0.743056 0.055659 0.036111
0 0.485158 0.718056 0.057514 0.033333
0 0.544527 0.713194 0.057514 0.034722
0 0.557514 0.743056 0.053803 0.027778
0 0.500928 0.757639 0.055659 0.037500
0 0.518553 0.779167 0.053803 0.027778
0 0.580705 0.793056 0.059369 0.033333
0 0.478664 0.818750 0.055659 0.029167
0 0.440631 0.845833 0.050093 0.030556
0 0.498145 0.863194 0.053803 0.029167
0 0.555659 0.868056 0.057514 0.030556
0 0.614100 0.861806 0.055659 0.034722
0 0.598330 0.829167 0.057514 0.030556
0 0.540816 0.827083 0.057514 0.031944
0 0.603896 0.726389 0.057514 0.027778
0 0.618738 0.760417 0.057514 0.037500
0 0.679035 0.778472 0.059369 0.034722
0 0.740260 0.780556 0.063080 0.036111
