0 0.403871 0.219677 0.060645 0.070323
0 0.462258 0.206129 0.056129 0.065161
0 0.520000 0.192903 0.054194 0.065806
0 0.574516 0.180323 0.053548 0.065161
0 0.381613 0.285161 0.061290 0.068387
0 0.443226 0.270645 0.059355 0.066452
0 0.500000 0.256129 0.055484 0.064516
0 0.554194 0.242258 0.052903 0.065161
0 0.606452 0.227742 0.051613 0.064516
0 0.363226 0.350000 0.059355 0.063871
0 0.422258 0.334194 0.057419 0.065806
0 0.479355 0.319355 0.056774 0.061935
0 0.534839 0.304516 0.054194 0.061935
0 0.587097 0.288065 0.050323 0.062581
0 0.639677 0.269032 0.049677 0.063226
0 0.340968 0.413226 0.058710 0.060000
0 0.403548 0.395806 0.057419 0.061290
0 0.460968 0.380000 0.056129 0.061935
0 0.515484 0.363548 0.054194 0.061290
0 0.567097 0.347097 0.051613 0.060645
0 0.617742 0.328710 0.047097 0.060000
0 0.671290 0.304194 0.048387 0.040645
0 0.325161 0.475161 0.060645 0.061290
0 0.384516 0.456129 0.058065 0.060645
0 0.440968 0.439032 0.054839 0.058710
0 0.495161 0.422581 0.053548 0.060645
0 0.548065 0.405161 0.050968 0.058065
0 0.600000 0.384516 0.050323 0.055484
0 0.650000 0.369355 0.048387 0.056129
0 0.697097 0.354194 0.044516 0.054194
0 0.723548 0.393871 0.044516 0.052258
0 0.677742 0.408710 0.047097 0.056129
0 0.629677 0.424839 0.049032 0.056129
0 0.580645 0.441290 0.050323 0.056774
0 0.529032 0.461290 0.052903 0.056774
0 0.475806 0.477742 0.054839 0.057419
0 0.420323 0.497742 0.054839 0.060000
0 0.363226 0.515806 0.061935 0.061290
0 0.301613 0.534839 0.060000 0.060645
0 0.749355 0.430000 0.043226 0.052258
0 0.703226 0.444839 0.043871 0.053548
0 0.658065 0.461290 0.047742 0.052903
0 0.610645 0.478710 0.049677 0.054194
0 0.560645 0.495484 0.050323 0.056774
0 0.508387 0.516774 0.052903 0.055484
0 0.455484 0.535161 0.052903 0.057419
0 0.401290 0.553871 0.052903 0.057419
0 0.346129 0.574194 0.060000 0.059355
0 0.286452 0.594194 0.060645 0.059355
0 0.772581 0.468065 0.043226 0.052258
0 0.729355 0.482903 0.044516 0.050968
0 0.685161 0.499032 0.045161 0.052258
0 0.640000 0.515484 0.047742 0.055484
0 0.592581 0.532258 0.048387 0.054194
0 0.542903 0.550645 0.050968 0.054839
0 0.489677 0.570323 0.051613 0.055484
0 0.437742 0.591290 0.053548 0.056129
0 0.383548 0.610968 0.054839 0.058065
0 0.327097 0.632581 0.058065 0.057419
0 0.268387 0.653871 0.059355 0.058710
0 0.757742 0.518710 0.041935 0.050323
0 0.714839 0.534839 0.042581 0.050323
0 0.670968 0.551613 0.045161 0.051613
0 0.622903 0.566452 0.047097 0.051613
0 0.574839 0.585484 0.047742 0.053548
0 0.525161 0.603548 0.050323 0.053548
0 0.470968 0.626774 0.051613 0.054839
0 0.418710 0.648710 0.052903 0.054839
0 0.363871 0.668065 0.056774 0.054839
0 0.306129 0.688387 0.058710 0.055484
0 0.739032 0.567742 0.041935 0.049032
0 0.696452 0.584194 0.043226 0.049677
0 0.649355 0.600323 0.044516 0.049677
0 0.602903 0.617419 0.047097 0.050323
0 0.555161 0.637097 0.049677 0.052258
0 0.506452 0.655161 0.049032 0.052258
0 0.452581 0.681613 0.050968 0.054839
0 0.398387 0.702903 0.053548 0.053548
0 0.343226 0.723871 0.056774 0.055484
0 0.718387 0.615161 0.041935 0.050968
0 0.675161 0.631613 0.043226 0.049032
0 0.630645 0.649032 0.043226 0.049032
0 0.586129 0.668710 0.045806 0.050968
0 0.539032 0.688710 0.048387 0.049677
0 0.489677 0.708710 0.049032 0.052258
0 0.434516 0.733871 0.053548 0.052258
0 0.379677 0.756129 0.053548 0.052903
0 0.699355 0.661935 0.041290 0.049032
0 0.657742 0.680323 0.043226 0.048387
0 0.614516 0.699355 0.043226 0.049032
0 0.568387 0.719032 0.046452 0.049677
0 0.521290 0.738710 0.047742 0.050323
0 0.471613 0.759677 0.050323 0.050968
0 0.416129 0.786774 0.051613 0.050968
0 0.682581 0.709677 0.041290 0.047742
0 0.640645 0.729355 0.042581 0.047097
0 0.598065 0.750323 0.043871 0.049032
0 0.553548 0.772258 0.046452 0.049032
0 0.505484 0.792258 0.048387 0.049032
0 0.454516 0.811290 0.049677 0.049677
