0 0.032258 0.161111 0.025300 0.100000
0 0.013283 0.244444 0.022770 0.092593
0 0.068627 0.198148 0.028463 0.100000
0 0.038583 0.251852 0.025300 0.098148
0 0.014864 0.335648 0.020873 0.089815
0 0.038899 0.347685 0.023403 0.093519
0 0.064832 0.307407 0.027198 0.100000
0 0.019924 0.423611 0.025933 0.091667
0 0.049968 0.435648 0.026565 0.093519
0 0.030044 0.508796 0.025933 0.093519
0 0.054712 0.607407 0.028463 0.094444
0 0.062619 0.696759 0.029096 0.089815
0 0.079696 0.529630 0.027830 0.098148
0 0.082859 0.629167 0.030361 0.100926
0 0.098672 0.720370 0.031626 0.098148
0 0.114485 0.631481 0.034156 0.101852
0 0.112271 0.530556 0.030993 0.100000
0 0.144529 0.436111 0.032258 0.101852
0 0.132827 0.372222 0.030361 0.098148
0 0.159393 0.284259 0.032891 0.103704
0 0.195130 0.268519 0.037318 0.116667
0 0.239405 0.281481 0.042378 0.122222
0 0.146110 0.538889 0.032891 0.107407
0 0.152751 0.643981 0.036053 0.104630
0 0.132195 0.725926 0.032891 0.100000
0 0.179001 0.730093 0.041746 0.110185
0 0.194181 0.639815 0.040481 0.112963
0 0.188805 0.463426 0.036053 0.110185
0 0.175522 0.357407 0.034788 0.105556
0 0.209045 0.375000 0.038583 0.114815
0 0.246996 0.395833 0.041113 0.117593
0 0.220746 0.485185 0.043011 0.116667
0 0.250158 0.549074 0.048703 0.124074
0 0.237192 0.658333 0.044276 0.118519
0 0.229285 0.752315 0.042378 0.110185
0 0.275775 0.767593 0.049336 0.118519
0 0.283997 0.666667 0.048071 0.131481
0 0.305503 0.541667 0.054396 0.133333
0 0.349146 0.663426 0.059456 0.136111
0 0.330803 0.778704 0.058191 0.131481
0 0.415560 0.412500 0.094877 0.213889
0 0.461417 0.214815 0.105629 0.227778
0 0.586022 0.190278 0.137255 0.258333
0 0.522454 0.406481 0.120177 0.235185
0 0.469007 0.600926 0.106894 0.224074
0 0.561986 0.781944 0.124605 0.241667
0 0.614801 0.582407 0.140417 0.255556
0 0.706831 0.378704 0.166350 0.274074
0 0.812144 0.616667 0.188488 0.296296
0 0.700822 0.818056 0.153068 0.269444
0 0.679633 0.044444 0.147375 0.087037
0 0.802657 0.134722 0.191018 0.267593
0 0.943390 0.078241 0.113219 0.154630
0 0.917457 0.318056 0.165085 0.323148
0 0.962682 0.595833 0.074636 0.328704
0 0.914927 0.851852 0.170145 0.296296
