0 0.295113 0.126316 0.033835 0.063158
0 0.507519 0.042105 0.052632 0.073684
0 0.454887 0.055263 0.045113 0.078947
0 0.413534 0.076316 0.037594 0.078947
0 0.372180 0.092105 0.037594 0.068421
0 0.330827 0.110526 0.037594 0.073684
0 0.531955 0.100000 0.048872 0.084211
0 0.563910 0.163158 0.052632 0.084211
0 0.593985 0.228947 0.052632 0.089474
0 0.622180 0.302632 0.056391 0.089474
0 0.278195 0.194737 0.037594 0.063158
0 0.313910 0.181579 0.033835 0.068421
0 0.353383 0.168421 0.037594 0.063158
0 0.392857 0.150000 0.041353 0.068421
0 0.434211 0.131579 0.041353 0.073684
0 0.483083 0.115789 0.048872 0.084211
0 0.261278 0.263158 0.033835 0.063158
0 0.296992 0.247368 0.037594 0.063158
0 0.336466 0.236842 0.033835 0.063158
0 0.375940 0.223684 0.037594 0.068421
0 0.415414 0.210526 0.041353 0.073684
0 0.460526 0.194737 0.048872 0.073684
0 0.511278 0.178947 0.045113 0.073684
0 0.246241 0.326316 0.033835 0.063158
0 0.281955 0.318421 0.037594 0.068421
0 0.317669 0.305263 0.033835 0.073684
0 0.355263 0.297368 0.041353 0.068421
0 0.398496 0.284211 0.037594 0.073684
0 0.439850 0.271053 0.045113 0.078947
0 0.488722 0.257895 0.045113 0.073684
0 0.539474 0.244737 0.048872 0.078947
0 0.229323 0.392105 0.037594 0.057895
0 0.265038 0.384211 0.033835 0.063158
0 0.300752 0.376316 0.037594 0.057895
0 0.338346 0.365789 0.037594 0.068421
0 0.377820 0.357895 0.041353 0.073684
0 0.419173 0.347368 0.041353 0.073684
0 0.464286 0.336842 0.048872 0.084211
0 0.515038 0.326316 0.045113 0.084211
0 0.563910 0.315789 0.052632 0.084211
0 0.595865 0.386842 0.056391 0.089474
0 0.543233 0.392105 0.048872 0.078947
0 0.496241 0.402632 0.045113 0.078947
0 0.447368 0.407895 0.045113 0.068421
0 0.404135 0.415789 0.041353 0.073684
0 0.360902 0.426316 0.037594 0.063158
0 0.321429 0.431579 0.041353 0.063158
0 0.281955 0.439474 0.030075 0.057895
0 0.250000 0.450000 0.033835 0.057895
0 0.575188 0.465789 0.052632 0.078947
0 0.524436 0.468421 0.048872 0.073684
0 0.471805 0.476316 0.041353 0.068421
0 0.426692 0.481579 0.041353 0.078947
0 0.383459 0.492105 0.037594 0.068421
0 0.342105 0.492105 0.037594 0.068421
0 0.302632 0.500000 0.033835 0.063158
0 0.268797 0.507895 0.033835 0.057895
0 0.550752 0.542105 0.048872 0.073684
0 0.500000 0.547368 0.045113 0.073684
0 0.453008 0.550000 0.041353 0.068421
0 0.407895 0.555263 0.041353 0.068421
0 0.368421 0.560526 0.037594 0.068421
0 0.325188 0.560526 0.041353 0.068421
0 0.285714 0.563158 0.037594 0.063158
0 0.524436 0.610526 0.048872 0.084211
0 0.475564 0.618421 0.041353 0.078947
0 0.430451 0.618421 0.041353 0.078947
0 0.387218 0.621053 0.037594 0.073684
0 0.349624 0.621053 0.037594 0.073684
0 0.310150 0.615789 0.033835 0.063158
0 0.498120 0.786842 0.048872 0.078947
0 0.453008 0.778947 0.041353 0.084211
0 0.411654 0.773684 0.041353 0.073684
0 0.370301 0.768421 0.041353 0.073684
0 0.328947 0.763158 0.041353 0.063158
0 0.295113 0.760526 0.033835 0.068421
0 0.276316 0.815789 0.033835 0.063158
0 0.313910 0.826316 0.041353 0.063158
0 0.349624 0.826316 0.037594 0.063158
0 0.389098 0.834211 0.041353 0.068421
0 0.430451 0.842105 0.041353 0.073684
0 0.475564 0.850000 0.048872 0.078947
0 0.524436 0.857895 0.048872 0.073684
0 0.261278 0.871053 0.033835 0.068421
0 0.296992 0.878947 0.037594 0.063158
0 0.334586 0.886842 0.037594 0.057895
0 0.372180 0.894737 0.037594 0.063158
0 0.413534 0.900000 0.045113 0.073684
0 0.456767 0.913158 0.041353 0.078947
0 0.501880 0.921053 0.048872 0.073684
0 0.554511 0.934211 0.048872 0.078947
0 0.248120 0.921053 0.037594 0.063158
0 0.281955 0.931579 0.037594 0.063158
0 0.315789 0.944737 0.030075 0.057895
0 0.353383 0.952632 0.037594 0.063158
0 0.390977 0.963158 0.037594 0.063158
0 0.432331 0.968421 0.045113 0.063158
0 0.477444 0.973684 0.045113 0.052632
0 0.524436 0.978947 0.048872 0.042105
0 0.577068 0.986842 0.048872 0.026316
0 0.233083 0.973684 0.030075 0.052632
0 0.266917 0.978947 0.030075 0.042105
0 0.296992 0.981579 0.030075 0.036842
0 0.332707 0.986842 0.033835 0.026316
