0 0.015444 0.512887 0.023166 0.046392
0 0.028958 0.559278 0.034749 0.046392
0 0.042471 0.597938 0.030888 0.041237
0 0.011583 0.597938 0.015444 0.041237
0 0.052124 0.644330 0.034749 0.051546
0 0.023166 0.641753 0.030888 0.046392
0 0.040541 0.688144 0.034749 0.046392
0 0.019305 0.731959 0.030888 0.051546
0 0.009653 0.685567 0.011583 0.041237
0 0.011583 0.770619 0.015444 0.046392
0 0.098456 0.639175 0.034749 0.041237
0 0.113900 0.592784 0.034749 0.041237
0 0.135135 0.554124 0.030888 0.046392
0 0.158301 0.510309 0.038610 0.041237
0 0.179537 0.469072 0.034749 0.041237
0 0.198842 0.432990 0.034749 0.041237
0 0.237452 0.435567 0.034749 0.036082
0 0.274131 0.435567 0.038610 0.036082
0 0.310811 0.438144 0.034749 0.041237
0 0.347490 0.440722 0.038610 0.036082
0 0.388031 0.445876 0.034749 0.046392
0 0.216216 0.474227 0.038610 0.041237
0 0.256757 0.479381 0.034749 0.041237
0 0.291506 0.484536 0.034749 0.041237
0 0.328185 0.484536 0.038610 0.041237
0 0.364865 0.484536 0.034749 0.041237
0 0.405405 0.487113 0.030888 0.046392
0 0.198842 0.515464 0.034749 0.041237
0 0.233591 0.518041 0.034749 0.046392
0 0.270270 0.523196 0.038610 0.046392
0 0.306950 0.525773 0.034749 0.041237
0 0.343629 0.525773 0.038610 0.041237
0 0.382239 0.528351 0.038610 0.046392
0 0.420849 0.530928 0.030888 0.041237
0 0.173745 0.556701 0.038610 0.041237
0 0.212355 0.559278 0.038610 0.046392
0 0.250965 0.561856 0.038610 0.051546
0 0.287645 0.567010 0.034749 0.041237
0 0.324324 0.567010 0.038610 0.041237
0 0.362934 0.569588 0.038610 0.046392
0 0.397683 0.569588 0.030888 0.046392
0 0.447876 0.561856 0.038610 0.051546
0 0.158301 0.600515 0.038610 0.046392
0 0.138996 0.646907 0.038610 0.046392
0 0.117761 0.688144 0.034749 0.046392
0 0.135135 0.731959 0.030888 0.041237
0 0.154440 0.773196 0.030888 0.041237
0 0.167954 0.817010 0.034749 0.046392
0 0.187259 0.860825 0.034749 0.041237
0 0.152510 0.688144 0.034749 0.046392
0 0.175676 0.644330 0.034749 0.051546
0 0.194981 0.603093 0.034749 0.041237
0 0.171815 0.731959 0.034749 0.041237
0 0.185328 0.773196 0.030888 0.041237
0 0.204633 0.814433 0.038610 0.041237
0 0.222008 0.863402 0.034749 0.046392
0 0.191120 0.693299 0.034749 0.046392
0 0.210425 0.646907 0.034749 0.046392
0 0.225869 0.690722 0.034749 0.041237
0 0.206564 0.734536 0.034749 0.036082
0 0.223938 0.775773 0.038610 0.036082
0 0.241313 0.819588 0.034749 0.041237
0 0.260618 0.865979 0.034749 0.041237
0 0.299228 0.868557 0.034749 0.046392
0 0.279923 0.819588 0.034749 0.051546
0 0.260618 0.778351 0.034749 0.041237
0 0.243243 0.737113 0.038610 0.041237
0 0.264479 0.693299 0.034749 0.046392
0 0.247104 0.646907 0.038610 0.046392
0 0.229730 0.608247 0.034749 0.041237
0 0.266409 0.608247 0.038610 0.041237
0 0.283784 0.649485 0.034749 0.041237
0 0.301158 0.690722 0.038610 0.041237
0 0.281853 0.737113 0.038610 0.041237
0 0.297297 0.775773 0.038610 0.036082
0 0.314672 0.819588 0.034749 0.041237
0 0.333977 0.865979 0.034749 0.051546
0 0.372587 0.865979 0.034749 0.051546
0 0.353282 0.819588 0.034749 0.041237
0 0.335907 0.778351 0.038610 0.041237
0 0.320463 0.737113 0.038610 0.041237
0 0.341699 0.693299 0.034749 0.046392
0 0.320463 0.652062 0.038610 0.046392
0 0.305019 0.608247 0.038610 0.041237
0 0.343629 0.613402 0.038610 0.041237
0 0.380309 0.613402 0.034749 0.030928
0 0.359073 0.652062 0.038610 0.046392
0 0.395753 0.654639 0.034749 0.051546
0 0.432432 0.659794 0.038610 0.051546
0 0.420849 0.613402 0.030888 0.041237
0 0.459459 0.610825 0.038610 0.046392
0 0.469112 0.659794 0.034749 0.051546
0 0.455598 0.703608 0.038610 0.046392
0 0.413127 0.698454 0.038610 0.046392
0 0.378378 0.698454 0.038610 0.046392
0 0.357143 0.739691 0.034749 0.046392
0 0.393822 0.742268 0.038610 0.041237
0 0.434363 0.744845 0.034749 0.046392
0 0.411197 0.791237 0.034749 0.046392
0 0.372587 0.786082 0.034749 0.046392
0 0.388031 0.832474 0.034749 0.046392
0 0.611969 0.438144 0.034749 0.041237
0 0.650579 0.440722 0.034749 0.046392
0 0.685328 0.443299 0.034749 0.051546
0 0.720077 0.448454 0.034749 0.041237
0 0.758687 0.448454 0.042471 0.041237
0 0.801158 0.453608 0.034749 0.041237
0 0.590734 0.479381 0.038610 0.041237
0 0.629344 0.481959 0.038610 0.046392
0 0.666023 0.487113 0.034749 0.046392
0 0.700772 0.487113 0.034749 0.046392
0 0.737452 0.487113 0.038610 0.046392
0 0.776062 0.492268 0.038610 0.046392
0 0.824324 0.492268 0.034749 0.046392
0 0.571429 0.520619 0.038610 0.041237
0 0.610039 0.523196 0.038610 0.046392
0 0.646718 0.525773 0.034749 0.051546
0 0.681467 0.530928 0.034749 0.041237
0 0.716216 0.533505 0.034749 0.046392
0 0.758687 0.530928 0.034749 0.041237
0 0.795367 0.536082 0.030888 0.051546
0 0.832046 0.538660 0.034749 0.046392
0 0.550193 0.561856 0.034749 0.041237
0 0.588803 0.564433 0.034749 0.046392
0 0.625483 0.569588 0.030888 0.046392
0 0.662162 0.572165 0.034749 0.041237
0 0.698842 0.574742 0.030888 0.046392
0 0.737452 0.574742 0.038610 0.046392
0 0.776062 0.579897 0.038610 0.046392
0 0.812741 0.579897 0.027027 0.046392
0 0.845560 0.582474 0.030888 0.041237
0 0.532819 0.600515 0.038610 0.046392
0 0.513514 0.646907 0.038610 0.046392
0 0.527027 0.688144 0.034749 0.046392
0 0.546332 0.729381 0.034749 0.046392
0 0.561776 0.770619 0.034749 0.046392
0 0.577220 0.814433 0.034749 0.051546
0 0.596525 0.865979 0.034749 0.051546
0 0.633205 0.868557 0.038610 0.056701
0 0.613900 0.822165 0.038610 0.046392
0 0.596525 0.775773 0.034749 0.046392
0 0.583012 0.734536 0.038610 0.046392
0 0.565637 0.693299 0.034749 0.046392
0 0.550193 0.649485 0.034749 0.041237
0 0.569498 0.605670 0.034749 0.046392
0 0.584942 0.649485 0.034749 0.041237
0 0.602317 0.693299 0.038610 0.046392
0 0.619691 0.737113 0.034749 0.051546
0 0.631274 0.780928 0.042471 0.046392
0 0.650579 0.824742 0.034749 0.051546
0 0.669884 0.871134 0.034749 0.051546
0 0.706564 0.876289 0.038610 0.051546
0 0.745174 0.876289 0.030888 0.051546
0 0.781853 0.881443 0.042471 0.051546
0 0.687259 0.829897 0.038610 0.051546
0 0.725869 0.829897 0.038610 0.051546
0 0.764479 0.832474 0.038610 0.046392
0 0.801158 0.837629 0.034749 0.046392
0 0.669884 0.786082 0.034749 0.046392
0 0.710425 0.788660 0.038610 0.051546
0 0.749035 0.791237 0.038610 0.046392
0 0.785714 0.796392 0.034749 0.046392
0 0.822394 0.796392 0.030888 0.046392
0 0.604247 0.610825 0.034749 0.046392
0 0.640927 0.613402 0.038610 0.041237
0 0.623552 0.657216 0.034749 0.046392
0 0.635135 0.695876 0.034749 0.041237
0 0.654440 0.739691 0.034749 0.046392
0 0.693050 0.744845 0.034749 0.046392
0 0.673745 0.701031 0.034749 0.041237
0 0.658301 0.657216 0.034749 0.046392
0 0.677606 0.618557 0.034749 0.041237
0 0.696911 0.659794 0.042471 0.041237
0 0.710425 0.701031 0.038610 0.041237
0 0.731660 0.744845 0.034749 0.046392
0 0.766409 0.747423 0.034749 0.051546
0 0.806950 0.750000 0.038610 0.046392
0 0.843629 0.757732 0.034749 0.051546
0 0.864865 0.719072 0.038610 0.046392
0 0.824324 0.711340 0.042471 0.051546
0 0.789575 0.706186 0.042471 0.051546
0 0.750965 0.708763 0.034749 0.046392
0 0.735521 0.659794 0.034749 0.051546
0 0.714286 0.615979 0.046332 0.046392
0 0.754826 0.623711 0.034749 0.041237
0 0.791506 0.626289 0.038610 0.046392
0 0.770270 0.667526 0.034749 0.046392
0 0.803089 0.670103 0.030888 0.041237
0 0.853282 0.672680 0.038610 0.046392
0 0.895753 0.675258 0.038610 0.051546
0 0.833977 0.628866 0.038610 0.051546
0 0.870656 0.626289 0.034749 0.046392
0 0.936293 0.670103 0.034749 0.051546
0 0.951737 0.716495 0.034749 0.051546
0 0.972973 0.757732 0.038610 0.041237
0 0.984556 0.804124 0.030888 0.051546
0 0.984556 0.713918 0.030888 0.046392
0 0.971042 0.670103 0.034749 0.041237
0 0.947876 0.626289 0.034749 0.046392
0 0.967181 0.585052 0.034749 0.046392
0 0.982625 0.538660 0.027027 0.046392
0 0.984556 0.626289 0.030888 0.046392
