0 0.162000 0.112000 0.020000 0.048000
0 0.184000 0.112000 0.024000 0.048000
0 0.207000 0.114667 0.022000 0.053333
0 0.155000 0.153333 0.022000 0.045333
0 0.177000 0.157333 0.022000 0.042667
0 0.199000 0.161333 0.022000 0.040000
0 0.221000 0.164000 0.022000 0.045333
0 0.147000 0.192000 0.018000 0.042667
0 0.167000 0.196000 0.022000 0.040000
0 0.189000 0.200000 0.022000 0.042667
0 0.213000 0.205333 0.022000 0.042667
0 0.235000 0.210667 0.022000 0.042667
0 0.160000 0.236000 0.020000 0.040000
0 0.180000 0.238667 0.020000 0.040000
0 0.203000 0.244000 0.022000 0.040000
0 0.226000 0.250667 0.024000 0.042667
0 0.173000 0.277333 0.022000 0.042667
0 0.195000 0.284000 0.022000 0.045333
0 0.217000 0.289333 0.022000 0.045333
0 0.300000 0.130667 0.024000 0.053333
0 0.328000 0.133333 0.028000 0.053333
0 0.356000 0.136000 0.028000 0.058667
0 0.290000 0.174667 0.024000 0.050667
0 0.316000 0.180000 0.024000 0.050667
0 0.343000 0.184000 0.026000 0.053333
0 0.372000 0.188000 0.028000 0.056000
0 0.278000 0.218667 0.024000 0.048000
0 0.304000 0.222667 0.024000 0.050667
0 0.331000 0.228000 0.026000 0.050667
0 0.359000 0.234667 0.026000 0.053333
0 0.389000 0.242667 0.030000 0.053333
0 0.293000 0.265333 0.026000 0.050667
0 0.319000 0.270667 0.026000 0.050667
0 0.347000 0.278667 0.026000 0.050667
0 0.376000 0.285333 0.028000 0.053333
0 0.308000 0.313333 0.024000 0.050667
0 0.334000 0.321333 0.024000 0.050667
0 0.362000 0.328000 0.028000 0.053333
0 0.465000 0.153333 0.030000 0.056000
0 0.499000 0.157333 0.034000 0.058667
0 0.536000 0.164000 0.036000 0.061333
0 0.450000 0.202667 0.032000 0.058667
0 0.483000 0.208000 0.034000 0.058667
0 0.518000 0.214667 0.036000 0.061333
0 0.554000 0.221333 0.036000 0.058667
0 0.434000 0.252000 0.032000 0.056000
0 0.466000 0.256000 0.032000 0.058667
0 0.500000 0.264000 0.032000 0.058667
0 0.536000 0.272000 0.036000 0.058667
0 0.572000 0.278667 0.036000 0.061333
0 0.450000 0.302667 0.032000 0.056000
0 0.482000 0.310667 0.032000 0.056000
0 0.516000 0.320000 0.036000 0.058667
0 0.553000 0.328000 0.034000 0.058667
0 0.466000 0.358667 0.032000 0.056000
0 0.500000 0.366667 0.032000 0.056000
0 0.534000 0.376000 0.036000 0.058667
0 0.598000 0.449333 0.028000 0.056000
0 0.624000 0.434667 0.024000 0.058667
0 0.648000 0.422667 0.024000 0.056000
0 0.584000 0.508000 0.024000 0.056000
0 0.610000 0.492000 0.024000 0.056000
0 0.635000 0.478667 0.022000 0.056000
0 0.658000 0.462667 0.024000 0.050667
0 0.570000 0.565333 0.028000 0.058667
0 0.596000 0.548000 0.024000 0.056000
0 0.621000 0.533333 0.026000 0.053333
0 0.646000 0.517333 0.024000 0.053333
0 0.669000 0.501333 0.022000 0.053333
0 0.583000 0.604000 0.026000 0.056000
0 0.609000 0.588000 0.026000 0.056000
0 0.632000 0.570667 0.024000 0.053333
0 0.656000 0.556000 0.024000 0.050667
0 0.595000 0.644000 0.026000 0.056000
0 0.620000 0.625333 0.024000 0.050667
0 0.643000 0.609333 0.022000 0.050667
0 0.721000 0.384000 0.018000 0.053333
0 0.742000 0.373333 0.020000 0.048000
0 0.760000 0.361333 0.016000 0.045333
0 0.710000 0.433333 0.020000 0.045333
0 0.730000 0.422667 0.020000 0.045333
0 0.749000 0.412000 0.018000 0.045333
0 0.768000 0.401333 0.016000 0.045333
0 0.697000 0.484000 0.022000 0.050667
0 0.718000 0.472000 0.020000 0.048000
0 0.738000 0.460000 0.020000 0.045333
0 0.756000 0.446667 0.020000 0.045333
0 0.774000 0.434667 0.016000 0.048000
0 0.706000 0.521333 0.020000 0.050667
0 0.725000 0.506667 0.018000 0.048000
0 0.744000 0.494667 0.020000 0.045333
0 0.763000 0.484000 0.018000 0.045333
0 0.714000 0.556000 0.020000 0.050667
0 0.734000 0.542667 0.020000 0.045333
0 0.752000 0.529333 0.016000 0.045333
0 0.847000 0.317333 0.014000 0.042667
0 0.852000 0.350667 0.012000 0.040000
0 0.856000 0.385333 0.012000 0.040000
0 0.846000 0.426667 0.012000 0.042667
0 0.837000 0.468000 0.014000 0.040000
0 0.822000 0.477333 0.012000 0.037333
0 0.806000 0.489333 0.016000 0.040000
0 0.831000 0.436000 0.014000 0.040000
0 0.817000 0.445333 0.014000 0.042667
0 0.802000 0.457333 0.016000 0.040000
0 0.796000 0.422667 0.016000 0.045333
0 0.812000 0.410667 0.016000 0.042667
0 0.828000 0.401333 0.016000 0.040000
0 0.842000 0.393333 0.016000 0.040000
0 0.805000 0.377333 0.018000 0.045333
0 0.823000 0.368000 0.014000 0.037333
0 0.838000 0.358667 0.016000 0.040000
0 0.833000 0.324000 0.014000 0.040000
0 0.816000 0.332000 0.016000 0.040000
0 0.452000 0.658667 0.032000 0.053333
0 0.484000 0.674667 0.032000 0.053333
0 0.516000 0.690667 0.032000 0.053333
0 0.437000 0.694667 0.030000 0.050667
0 0.467000 0.710667 0.030000 0.050667
0 0.499000 0.726667 0.030000 0.050667
0 0.531000 0.744000 0.034000 0.053333
0 0.423000 0.728000 0.030000 0.053333
0 0.452000 0.744000 0.028000 0.048000
0 0.484000 0.761333 0.032000 0.050667
0 0.516000 0.778667 0.032000 0.053333
0 0.549000 0.796000 0.034000 0.056000
0 0.438000 0.778667 0.032000 0.053333
0 0.468000 0.794667 0.032000 0.048000
0 0.500000 0.812000 0.032000 0.050667
0 0.532000 0.829333 0.032000 0.053333
0 0.453000 0.828000 0.034000 0.050667
0 0.485000 0.844000 0.030000 0.050667
0 0.514000 0.864000 0.032000 0.053333
0 0.300000 0.586667 0.028000 0.048000
0 0.327000 0.598667 0.026000 0.050667
0 0.352000 0.612000 0.028000 0.050667
0 0.290000 0.620000 0.028000 0.045333
0 0.315000 0.632000 0.026000 0.048000
0 0.340000 0.646667 0.028000 0.045333
0 0.367000 0.658667 0.026000 0.048000
0 0.280000 0.653333 0.024000 0.048000
0 0.304000 0.665333 0.028000 0.045333
0 0.330000 0.678667 0.024000 0.045333
0 0.355000 0.693333 0.026000 0.048000
0 0.382000 0.706667 0.028000 0.048000
0 0.294000 0.698667 0.024000 0.048000
0 0.318000 0.712000 0.024000 0.048000
0 0.343000 0.724000 0.026000 0.045333
0 0.369000 0.738667 0.026000 0.048000
0 0.308000 0.741333 0.024000 0.042667
0 0.332000 0.756000 0.024000 0.045333
0 0.357000 0.770667 0.026000 0.048000
0 0.172000 0.525333 0.020000 0.042667
0 0.193000 0.536000 0.018000 0.042667
0 0.215000 0.545333 0.022000 0.045333
0 0.165000 0.557333 0.018000 0.042667
0 0.184000 0.568000 0.020000 0.042667
0 0.205000 0.578667 0.022000 0.042667
0 0.227000 0.588000 0.022000 0.045333
0 0.158000 0.586667 0.020000 0.037333
0 0.178000 0.598667 0.020000 0.040000
0 0.198000 0.609333 0.020000 0.045333
0 0.219000 0.618667 0.022000 0.042667
0 0.241000 0.632000 0.022000 0.042667
0 0.170000 0.626667 0.020000 0.037333
0 0.190000 0.638667 0.020000 0.045333
0 0.210000 0.649333 0.020000 0.040000
0 0.231000 0.662667 0.022000 0.045333
0 0.182000 0.666667 0.020000 0.042667
0 0.202000 0.681333 0.020000 0.040000
0 0.223000 0.692000 0.022000 0.040000
