0 0.395208 0.371042 0.113750 0.113750
0 0.519167 0.346042 0.082500 0.082083
0 0.607500 0.391458 0.115000 0.110417
0 0.315000 0.464583 0.142500 0.134167
0 0.492083 0.456667 0.150000 0.144167
0 0.708958 0.463542 0.147083 0.137917
0 0.225417 0.582500 0.175833 0.163333
0 0.408542 0.585208 0.177917 0.162917
0 0.593333 0.580208 0.190000 0.174583
0 0.801667 0.580208 0.176667 0.162083
0 0.146458 0.716875 0.170417 0.153750
0 0.317292 0.718542 0.171250 0.153750
0 0.501250 0.721042 0.174167 0.151250
0 0.694375 0.715417 0.180417 0.161667
0 0.868333 0.717500 0.169167 0.150000
