0 0.506173 0.105678 0.069136 0.110410
0 0.581481 0.097792 0.066667 0.107256
0 0.646914 0.094637 0.059259 0.100946
0 0.706173 0.096215 0.059259 0.097792
0 0.755556 0.091483 0.049383 0.094637
0 0.811111 0.091483 0.056790 0.094637
0 0.865432 0.089905 0.051852 0.091483
0 0.472840 0.198738 0.071605 0.107256
0 0.541975 0.192429 0.066667 0.100946
0 0.608642 0.187697 0.066667 0.104101
0 0.672840 0.184543 0.061728 0.097792
0 0.730864 0.179811 0.054321 0.094637
0 0.787654 0.176656 0.054321 0.094637
0 0.839506 0.171924 0.049383 0.091483
0 0.888889 0.165615 0.049383 0.091483
0 0.439506 0.293375 0.069136 0.107256
0 0.508642 0.285489 0.069136 0.104101
0 0.577778 0.280757 0.069136 0.100946
0 0.641975 0.271293 0.059259 0.094637
0 0.700000 0.264984 0.056790 0.094637
0 0.758025 0.257098 0.054321 0.091483
0 0.811111 0.252366 0.051852 0.088328
0 0.861728 0.247634 0.049383 0.085174
0 0.911111 0.241325 0.044444 0.085174
0 0.403704 0.386435 0.071605 0.110410
0 0.476543 0.378549 0.069136 0.100946
0 0.545679 0.370662 0.069136 0.104101
0 0.612346 0.362776 0.064198 0.100946
0 0.671605 0.353312 0.059259 0.094637
0 0.727160 0.343849 0.056790 0.088328
0 0.783951 0.335962 0.056790 0.091483
0 0.834568 0.326498 0.049383 0.085174
0 0.885185 0.321767 0.051852 0.088328
0 0.932099 0.313880 0.041975 0.085174
0 0.374074 0.487382 0.076543 0.104101
0 0.445679 0.471609 0.071605 0.104101
0 0.514815 0.462145 0.066667 0.097792
0 0.580247 0.451104 0.064198 0.100946
0 0.641975 0.438486 0.059259 0.094637
0 0.698765 0.427445 0.059259 0.091483
0 0.755556 0.414826 0.054321 0.085174
0 0.808642 0.408517 0.051852 0.085174
0 0.859259 0.402208 0.049383 0.085174
0 0.906173 0.391167 0.044444 0.082019
0 0.950617 0.383281 0.044444 0.078864
0 0.339506 0.585174 0.076543 0.110410
0 0.412346 0.569401 0.069136 0.104101
0 0.482716 0.556782 0.071605 0.104101
0 0.549383 0.544164 0.061728 0.097792
0 0.611111 0.528391 0.061728 0.097792
0 0.670370 0.512618 0.056790 0.091483
0 0.725926 0.501577 0.054321 0.088328
0 0.780247 0.490536 0.054321 0.085174
0 0.830864 0.479495 0.046914 0.082019
0 0.880247 0.473186 0.046914 0.082019
0 0.925926 0.460568 0.044444 0.082019
0 0.971605 0.449527 0.041975 0.078864
0 0.372840 0.675079 0.069136 0.107256
0 0.441975 0.656151 0.069136 0.100946
0 0.511111 0.640379 0.069136 0.100946
0 0.575309 0.623028 0.059259 0.097792
0 0.641975 0.600946 0.059259 0.091483
0 0.698765 0.585174 0.054321 0.085174
0 0.754321 0.572555 0.056790 0.085174
0 0.811111 0.567823 0.056790 0.088328
0 0.862963 0.553628 0.046914 0.085174
0 0.909877 0.544164 0.046914 0.085174
0 0.953086 0.529968 0.039506 0.082019
0 0.407407 0.757098 0.069136 0.100946
0 0.475309 0.736593 0.066667 0.097792
0 0.545679 0.716088 0.064198 0.094637
0 0.611111 0.687697 0.061728 0.094637
0 0.670370 0.670347 0.051852 0.091483
0 0.725926 0.656151 0.054321 0.088328
0 0.782716 0.640379 0.054321 0.088328
0 0.840741 0.637224 0.046914 0.082019
0 0.886420 0.623028 0.044444 0.078864
0 0.930864 0.608833 0.044444 0.082019
0 0.446914 0.831230 0.069136 0.097792
0 0.514815 0.805994 0.061728 0.097792
0 0.583951 0.777603 0.061728 0.091483
0 0.643210 0.758675 0.056790 0.091483
0 0.697531 0.739748 0.051852 0.091483
0 0.751852 0.725552 0.056790 0.082019
0 0.804938 0.706625 0.049383 0.082019
0 0.865432 0.701893 0.046914 0.078864
0 0.909877 0.686120 0.041975 0.078864
0 0.979012 0.970032 0.041975 0.059937
0 0.883951 0.761830 0.049383 0.078864
0 0.829630 0.769716 0.049383 0.082019
0 0.780247 0.788644 0.049383 0.082019
0 0.728395 0.807571 0.054321 0.082019
0 0.671605 0.824921 0.059259 0.085174
0 0.613580 0.845426 0.056790 0.088328
0 0.553086 0.865931 0.064198 0.091483
0 0.485185 0.899054 0.066667 0.094637
0 0.523457 0.955836 0.059259 0.088328
0 0.581481 0.932177 0.056790 0.085174
0 0.640741 0.911672 0.056790 0.088328
0 0.700000 0.891167 0.056790 0.085174
0 0.755556 0.873817 0.054321 0.082019
0 0.807407 0.854890 0.049383 0.088328
0 0.855556 0.839117 0.046914 0.082019
