0 0.304167 0.091250 0.065000 0.097500
0 0.370000 0.090000 0.063333 0.100000
0 0.434167 0.090000 0.065000 0.100000
0 0.498333 0.090000 0.063333 0.100000
0 0.561667 0.088750 0.063333 0.097500
0 0.626667 0.091250 0.066667 0.097500
0 0.690833 0.090000 0.061667 0.095000
0 0.274167 0.176250 0.065000 0.097500
0 0.339167 0.177500 0.065000 0.100000
0 0.402500 0.176250 0.061667 0.097500
0 0.465833 0.176250 0.065000 0.097500
0 0.530833 0.176250 0.065000 0.097500
0 0.595000 0.172500 0.063333 0.100000
0 0.659167 0.173750 0.065000 0.102500
0 0.722500 0.173750 0.061667 0.102500
0 0.242500 0.261250 0.065000 0.097500
0 0.306667 0.260000 0.063333 0.100000
0 0.370000 0.260000 0.063333 0.095000
0 0.434167 0.257500 0.065000 0.095000
0 0.498333 0.257500 0.066667 0.100000
0 0.564167 0.255000 0.065000 0.100000
0 0.628333 0.256250 0.063333 0.102500
0 0.692500 0.255000 0.065000 0.100000
0 0.755833 0.255000 0.061667 0.100000
0 0.210000 0.340000 0.063333 0.095000
0 0.273333 0.340000 0.066667 0.095000
0 0.338333 0.340000 0.063333 0.095000
0 0.401667 0.340000 0.063333 0.095000
0 0.466667 0.338750 0.063333 0.097500
0 0.530833 0.337500 0.065000 0.095000
0 0.595833 0.337500 0.065000 0.095000
0 0.660000 0.338750 0.063333 0.097500
0 0.724167 0.340000 0.065000 0.095000
0 0.786667 0.338750 0.060000 0.092500
0 0.179167 0.425000 0.061667 0.095000
0 0.242500 0.425000 0.065000 0.095000
0 0.305833 0.423750 0.061667 0.092500
0 0.370833 0.423750 0.065000 0.092500
0 0.435833 0.421250 0.065000 0.092500
0 0.499167 0.420000 0.061667 0.095000
0 0.564167 0.421250 0.065000 0.097500
0 0.628333 0.420000 0.063333 0.095000
0 0.692500 0.421250 0.065000 0.097500
0 0.755833 0.421250 0.061667 0.097500
0 0.817500 0.421250 0.061667 0.097500
0 0.150833 0.507500 0.061667 0.090000
0 0.213333 0.507500 0.063333 0.095000
0 0.275833 0.507500 0.061667 0.095000
0 0.338333 0.507500 0.063333 0.095000
0 0.402500 0.506250 0.065000 0.092500
0 0.467500 0.503750 0.065000 0.092500
0 0.532500 0.503750 0.065000 0.087500
0 0.596667 0.505000 0.063333 0.090000
0 0.660000 0.505000 0.063333 0.090000
0 0.723333 0.506250 0.063333 0.092500
0 0.786667 0.505000 0.063333 0.090000
0 0.849167 0.506250 0.061667 0.092500
0 0.173333 0.597500 0.060000 0.090000
0 0.235000 0.597500 0.063333 0.090000
0 0.299167 0.596250 0.065000 0.092500
0 0.365000 0.596250 0.066667 0.092500
0 0.435833 0.587500 0.065000 0.090000
0 0.500833 0.587500 0.065000 0.095000
0 0.565833 0.587500 0.061667 0.095000
0 0.639167 0.596250 0.065000 0.097500
0 0.701667 0.593750 0.060000 0.097500
0 0.764167 0.593750 0.065000 0.097500
0 0.827500 0.593750 0.061667 0.092500
0 0.203333 0.682500 0.060000 0.090000
0 0.265833 0.682500 0.065000 0.090000
0 0.333333 0.677500 0.063333 0.095000
0 0.405000 0.670000 0.063333 0.095000
0 0.469167 0.668750 0.065000 0.097500
0 0.532500 0.670000 0.061667 0.095000
0 0.596667 0.668750 0.066667 0.092500
0 0.670833 0.678750 0.065000 0.092500
0 0.735000 0.680000 0.063333 0.090000
0 0.798333 0.675000 0.063333 0.090000
0 0.234167 0.763750 0.065000 0.092500
0 0.300000 0.760000 0.066667 0.095000
0 0.372500 0.751250 0.065000 0.092500
0 0.437500 0.752500 0.061667 0.095000
0 0.501667 0.751250 0.063333 0.092500
0 0.565000 0.751250 0.063333 0.092500
0 0.628333 0.750000 0.063333 0.090000
0 0.703333 0.761250 0.066667 0.097500
0 0.768333 0.760000 0.063333 0.095000
0 0.270833 0.843750 0.061667 0.092500
0 0.341667 0.835000 0.063333 0.095000
0 0.405833 0.835000 0.061667 0.090000
0 0.469167 0.833750 0.065000 0.092500
0 0.534167 0.835000 0.065000 0.090000
0 0.598333 0.832500 0.063333 0.090000
0 0.662500 0.832500 0.061667 0.090000
0 0.735000 0.841250 0.063333 0.092500
0 0.311667 0.918750 0.063333 0.092500
0 0.375000 0.917500 0.060000 0.090000
0 0.436667 0.917500 0.063333 0.090000
0 0.500833 0.917500 0.065000 0.090000
0 0.565000 0.917500 0.063333 0.090000
0 0.628333 0.916250 0.063333 0.087500
0 0.692500 0.916250 0.061667 0.087500
