0 0.141250 0.870000 0.080833 0.122500
0 0.228750 0.863750 0.087500 0.140000
0 0.314167 0.861250 0.083333 0.140000
0 0.398750 0.863125 0.079167 0.133750
0 0.482083 0.861250 0.085833 0.130000
0 0.567917 0.861250 0.084167 0.132500
0 0.652083 0.858750 0.090833 0.137500
0 0.739583 0.864375 0.082500 0.126250
0 0.826250 0.862500 0.092500 0.132500
0 0.910833 0.858750 0.083333 0.132500
0 0.974167 0.853750 0.051667 0.137500
0 0.936250 0.740000 0.084167 0.125000
0 0.854167 0.735625 0.081667 0.131250
0 0.769167 0.744375 0.080000 0.116250
0 0.687917 0.751875 0.085833 0.123750
0 0.606250 0.749375 0.085833 0.116250
0 0.521667 0.747500 0.088333 0.122500
0 0.442500 0.742500 0.081667 0.120000
0 0.362083 0.746250 0.085833 0.112500
0 0.277500 0.748125 0.095000 0.113750
0 0.191250 0.752500 0.085833 0.112500
0 0.243333 0.641875 0.083333 0.121250
0 0.322917 0.638125 0.079167 0.123750
0 0.402917 0.640625 0.082500 0.116250
0 0.480833 0.642500 0.090000 0.120000
0 0.562500 0.641250 0.086667 0.117500
0 0.640417 0.639375 0.082500 0.121250
0 0.717500 0.639375 0.078333 0.116250
0 0.799167 0.638125 0.083333 0.113750
0 0.878333 0.632500 0.083333 0.117500
0 0.957500 0.626250 0.085000 0.127500
0 0.754583 0.536250 0.077500 0.117500
0 0.677917 0.536875 0.079167 0.131250
0 0.599583 0.541875 0.079167 0.126250
0 0.521667 0.542500 0.075000 0.125000
0 0.446250 0.544375 0.075833 0.118750
0 0.368333 0.546875 0.080000 0.111250
0 0.287500 0.544375 0.085000 0.116250
0 0.334167 0.451250 0.081667 0.107500
0 0.409167 0.446250 0.075000 0.115000
0 0.483750 0.447500 0.075833 0.105000
0 0.557500 0.444375 0.076667 0.108750
0 0.630417 0.441875 0.075833 0.103750
0 0.375000 0.366875 0.071667 0.098750
0 0.448750 0.361250 0.074167 0.097500
0 0.516667 0.361250 0.078333 0.100000
0 0.590417 0.360625 0.075833 0.103750
0 0.411250 0.279375 0.072500 0.096250
0 0.482083 0.281875 0.069167 0.101250
0 0.550000 0.277500 0.075000 0.100000
