0 0.012250 0.678000 0.023500 0.080800
0 0.092000 0.614000 0.047000 0.085600
0 0.093000 0.535600 0.043000 0.077600
0 0.048000 0.387600 0.043000 0.076000
0 0.080250 0.434400 0.053500 0.083200
0 0.145250 0.404800 0.040500 0.065600
0 0.073750 0.727200 0.066500 0.089600
0 0.187000 0.628000 0.048000 0.080000
0 0.212250 0.683600 0.061500 0.095200
0 0.237250 0.752800 0.065500 0.107200
0 0.328750 0.658000 0.054500 0.104800
0 0.359000 0.768800 0.072000 0.105600
0 0.442250 0.610800 0.049500 0.074400
0 0.483250 0.746800 0.068500 0.103200
0 0.551750 0.728400 0.072500 0.101600
0 0.448500 0.421200 0.049000 0.068000
0 0.488500 0.410000 0.047000 0.076000
0 0.543250 0.474400 0.051500 0.083200
0 0.574250 0.429600 0.045500 0.080000
0 0.611000 0.600800 0.052000 0.075200
0 0.672250 0.545600 0.056500 0.088000
0 0.718000 0.516800 0.055000 0.092800
0 0.772000 0.514400 0.057000 0.083200
0 0.760750 0.437200 0.042500 0.064800
0 0.923000 0.461600 0.046000 0.086400
0 0.803500 0.402800 0.031000 0.064800
0 0.798250 0.775200 0.072500 0.107200
0 0.911000 0.800000 0.074000 0.110400
0 0.989000 0.826000 0.022000 0.111200
