0 0.442361 0.915972 0.040278 0.037500
0 0.539583 0.917361 0.043056 0.029167
0 0.617361 0.902778 0.040278 0.041667
0 0.687500 0.887500 0.036111 0.041667
0 0.749306 0.914583 0.026389 0.034722
0 0.802778 0.901389 0.027778 0.036111
0 0.779861 0.859722 0.031944 0.044444
0 0.822222 0.840278 0.030556 0.036111
0 0.870139 0.821528 0.029167 0.043056
0 0.890972 0.865278 0.029167 0.030556
0 0.843750 0.881250 0.034722 0.031944
0 0.864583 0.913194 0.029167 0.023611
0 0.500694 0.855556 0.051389 0.066667
0 0.581944 0.834028 0.047222 0.068056
0 0.652083 0.819444 0.048611 0.058333
0 0.716667 0.801389 0.033333 0.052778
0 0.775000 0.777778 0.033333 0.050000
0 0.822222 0.766667 0.019444 0.044444
0 0.872222 0.758333 0.027778 0.047222
0 0.445833 0.775694 0.055556 0.059722
0 0.540972 0.781944 0.043056 0.063889
0 0.618056 0.767361 0.044444 0.065278
0 0.683333 0.754861 0.044444 0.056944
0 0.751389 0.731250 0.030556 0.048611
0 0.800694 0.722917 0.029167 0.048611
0 0.845833 0.713194 0.030556 0.045833
0 0.495139 0.715972 0.051389 0.068056
0 0.584028 0.709722 0.045833 0.061111
0 0.650694 0.698611 0.040278 0.055556
0 0.722222 0.684722 0.033333 0.052778
0 0.774306 0.674306 0.034722 0.048611
0 0.822917 0.669444 0.029167 0.050000
0 0.866667 0.665278 0.027778 0.044444
0 0.447222 0.643056 0.044444 0.055556
0 0.537500 0.642361 0.041667 0.062500
0 0.615972 0.641667 0.045833 0.066667
0 0.681250 0.631250 0.031944 0.062500
0 0.762500 0.627778 0.033333 0.061111
0 0.799306 0.619444 0.031944 0.055556
0 0.848611 0.620833 0.027778 0.050000
0 0.462500 0.555556 0.041667 0.052778
0 0.545139 0.559028 0.040278 0.056944
0 0.612500 0.555556 0.044444 0.052778
0 0.679167 0.556944 0.038889 0.052778
0 0.731944 0.559028 0.030556 0.056944
0 0.784028 0.557639 0.031944 0.051389
0 0.834722 0.559722 0.030556 0.055556
0 0.870833 0.559722 0.027778 0.047222
0 0.425000 0.497917 0.047222 0.056944
0 0.502778 0.497222 0.041667 0.058333
0 0.582639 0.500694 0.043056 0.056944
0 0.642361 0.500694 0.034722 0.056944
0 0.676389 0.506250 0.030556 0.043056
0 0.754861 0.506944 0.031944 0.047222
0 0.809028 0.510417 0.029167 0.051389
0 0.848611 0.513889 0.027778 0.047222
0 0.457639 0.433333 0.043056 0.055556
0 0.540278 0.437500 0.036111 0.055556
0 0.612500 0.446528 0.033333 0.054167
0 0.673611 0.450000 0.036111 0.052778
0 0.730556 0.455556 0.033333 0.055556
0 0.782639 0.461111 0.031944 0.050000
0 0.827778 0.466667 0.019444 0.052778
0 0.868056 0.471528 0.027778 0.037500
0 0.416667 0.380556 0.044444 0.055556
0 0.495139 0.375694 0.043056 0.068056
0 0.572222 0.386111 0.036111 0.061111
0 0.639583 0.396528 0.031944 0.054167
0 0.679167 0.407639 0.030556 0.051389
0 0.753472 0.406944 0.026389 0.055556
0 0.806250 0.412500 0.026389 0.047222
0 0.847917 0.420139 0.020833 0.048611
0 0.504167 0.270139 0.041667 0.070833
0 0.578472 0.289583 0.040278 0.054167
0 0.653472 0.309028 0.037500 0.051389
0 0.700694 0.322917 0.031944 0.054167
0 0.729167 0.332639 0.027778 0.056944
0 0.780556 0.346528 0.027778 0.048611
0 0.823611 0.359028 0.022222 0.045833
0 0.862500 0.368056 0.025000 0.036111
0 0.451389 0.225694 0.044444 0.062500
0 0.540278 0.221528 0.047222 0.054167
0 0.615278 0.239583 0.044444 0.059722
0 0.676389 0.259722 0.033333 0.052778
0 0.756944 0.290972 0.027778 0.045833
0 0.802778 0.307639 0.025000 0.048611
0 0.843750 0.315278 0.020833 0.038889
0 0.497917 0.145833 0.045833 0.066667
0 0.579861 0.169444 0.040278 0.066667
0 0.645833 0.193056 0.038889 0.058333
0 0.704861 0.219444 0.034722 0.058333
0 0.776389 0.251389 0.022222 0.041667
0 0.818750 0.270139 0.031944 0.051389
0 0.863194 0.281250 0.023611 0.037500
0 0.844444 0.228472 0.027778 0.051389
0 0.801389 0.211111 0.027778 0.047222
0 0.758333 0.192361 0.036111 0.051389
0 0.676389 0.147222 0.041667 0.047222
0 0.614583 0.119444 0.043056 0.055556
0 0.542361 0.096528 0.045833 0.037500
0 0.461806 0.098611 0.040278 0.036111
