0 0.447955 0.916357 0.148699 0.159851
0 0.600372 0.884758 0.152416 0.159851
0 0.751859 0.856877 0.139405 0.148699
0 0.838290 0.724907 0.152416 0.159851
0 0.687732 0.743494 0.148699 0.148699
0 0.533457 0.766729 0.156134 0.154275
0 0.373606 0.794610 0.156134 0.172862
0 0.284387 0.651487 0.159851 0.172862
0 0.455390 0.636617 0.156134 0.172862
0 0.614312 0.615242 0.150558 0.178439
0 0.771375 0.597584 0.148699 0.172862
0 0.916357 0.576208 0.144981 0.152416
0 0.867100 0.451673 0.139405 0.178439
0 0.708178 0.469331 0.163569 0.172862
0 0.543680 0.474907 0.165428 0.184015
0 0.373606 0.492565 0.185874 0.174721
0 0.461896 0.323420 0.176580 0.189591
0 0.630112 0.317844 0.163569 0.171004
0 0.789033 0.308550 0.154275 0.171004
