0 0.113021 0.910937 0.083333 0.148438
0 0.222396 0.872656 0.078125 0.146875
0 0.386719 0.808203 0.076563 0.138281
0 0.510677 0.771875 0.051562 0.095312
0 0.561198 0.740625 0.056771 0.114062
0 0.560937 0.638281 0.059375 0.117188
0 0.626823 0.689063 0.080729 0.164062
0 0.625781 0.534375 0.077604 0.165625
0 0.616667 0.370703 0.075000 0.183594
0 0.608854 0.208594 0.073958 0.184375
0 0.690104 0.085547 0.053125 0.111719
0 0.691667 0.214062 0.076042 0.160938
0 0.686719 0.348828 0.052604 0.108594
0 0.692187 0.447656 0.048958 0.090625
0 0.698698 0.565234 0.067187 0.157031
0 0.687760 0.692578 0.046354 0.116406
0 0.786979 0.580078 0.112500 0.255469
0 0.781510 0.319141 0.115104 0.260156
