0 0.300755 0.961652 0.076487 0.062930
0 0.372993 0.955752 0.075543 0.068830
0 0.442871 0.946903 0.071766 0.068830
0 0.504249 0.935595 0.066100 0.058014
0 0.562795 0.924287 0.058546 0.060964
0 0.610009 0.908555 0.050992 0.053097
0 0.656752 0.901672 0.055713 0.053097
0 0.714825 0.906588 0.047214 0.057030
0 0.355052 0.908063 0.077432 0.061947
0 0.423041 0.890364 0.067989 0.054081
0 0.489141 0.883972 0.069877 0.070796
0 0.544854 0.872173 0.064212 0.060964
0 0.597262 0.863324 0.059490 0.057030
0 0.648253 0.854474 0.053824 0.055064
0 0.697828 0.854474 0.050992 0.062930
0 0.752597 0.860865 0.054769 0.054081
0 0.329556 0.851524 0.084986 0.072763
0 0.404155 0.841200 0.077432 0.065880
0 0.467894 0.822517 0.068933 0.067847
0 0.530217 0.819567 0.057602 0.058014
0 0.587819 0.814651 0.059490 0.065880
0 0.638338 0.810718 0.058546 0.063913
0 0.689802 0.805801 0.050047 0.058014
0 0.747875 0.813176 0.054769 0.064897
0 0.389991 0.791544 0.079320 0.070796
0 0.451841 0.769912 0.067044 0.072763
0 0.516997 0.763029 0.067044 0.068830
0 0.577904 0.758604 0.062323 0.061947
0 0.633617 0.760570 0.058546 0.058014
0 0.685552 0.755654 0.050992 0.058014
0 0.737016 0.756146 0.059490 0.062930
0 0.796034 0.767945 0.066100 0.060964
0 0.369216 0.726647 0.084986 0.082596
0 0.444287 0.717797 0.072710 0.072763
0 0.504249 0.705506 0.062323 0.065880
0 0.565628 0.709440 0.062323 0.061947
0 0.622757 0.708456 0.065156 0.063913
0 0.679415 0.706490 0.063267 0.061947
0 0.729934 0.708456 0.054769 0.063913
0 0.792729 0.718289 0.059490 0.061947
0 0.427762 0.661259 0.075543 0.077679
0 0.493862 0.651426 0.067989 0.075713
0 0.558546 0.649459 0.063267 0.079646
0 0.622757 0.655359 0.065156 0.067847
0 0.680831 0.654376 0.062323 0.065880
0 0.728517 0.654376 0.051936 0.063913
0 0.777148 0.659784 0.054769 0.064897
0 0.838527 0.672566 0.056657 0.066863
0 0.411237 0.591937 0.084042 0.096362
0 0.486780 0.591445 0.078376 0.087512
0 0.554769 0.586037 0.065156 0.082596
0 0.618980 0.594395 0.061379 0.081613
0 0.675165 0.597345 0.056657 0.077679
0 0.729462 0.602753 0.051936 0.080629
0 0.782342 0.604228 0.057602 0.075713
0 0.831445 0.609636 0.048159 0.076696
0 0.531161 0.436087 0.084042 0.097345
0 0.611426 0.446411 0.074599 0.094395
0 0.676582 0.455261 0.065156 0.092429
0 0.735600 0.465093 0.066100 0.086529
0 0.797450 0.471976 0.057602 0.084562
0 0.841832 0.482793 0.061379 0.080629
0 0.889991 0.487709 0.050047 0.070796
0 0.933428 0.486726 0.059490 0.076696
0 0.513692 0.349066 0.092540 0.116028
0 0.600094 0.363815 0.087819 0.102262
0 0.674221 0.375123 0.075543 0.093412
0 0.737960 0.388397 0.072710 0.080629
0 0.794145 0.400688 0.073654 0.077679
0 0.846081 0.413963 0.069877 0.072763
0 0.894712 0.424287 0.067044 0.071780
0 0.936733 0.433628 0.062323 0.064897
0 0.572710 0.268437 0.104816 0.106195
0 0.655807 0.291052 0.087819 0.086529
0 0.728045 0.307276 0.083097 0.087512
0 0.778565 0.314159 0.076487 0.081613
0 0.838527 0.338741 0.075543 0.075713
0 0.889991 0.349558 0.063267 0.075713
0 0.938149 0.366273 0.067044 0.067847
0 0.979698 0.388889 0.040604 0.063913
0 0.980170 0.323009 0.039660 0.091445
0 0.948064 0.298427 0.069877 0.087512
0 0.903211 0.279253 0.076487 0.090462
0 0.846081 0.260079 0.083097 0.089479
0 0.782342 0.231563 0.084042 0.105211
0 0.725685 0.217306 0.082153 0.106195
0 0.644476 0.198132 0.085930 0.120944
0 0.555713 0.168633 0.093484 0.122911
0 0.628895 0.085546 0.096317 0.119961
0 0.707743 0.117994 0.093484 0.110128
0 0.784703 0.143068 0.084986 0.103245
0 0.848914 0.170600 0.086874 0.103245
