0 0.011438 0.772059 0.019608 0.044118
0 0.039216 0.779412 0.035948 0.063725
0 0.071078 0.779412 0.031046 0.058824
0 0.104575 0.775735 0.032680 0.056373
0 0.141340 0.774510 0.037582 0.063725
0 0.192810 0.780637 0.032680 0.056373
0 0.227124 0.778186 0.035948 0.056373
0 0.242647 0.734069 0.031046 0.061275
0 0.205065 0.740196 0.034314 0.063725
0 0.177288 0.738971 0.031046 0.056373
0 0.125000 0.729167 0.034314 0.061275
0 0.093954 0.730392 0.037582 0.058824
0 0.055556 0.731618 0.032680 0.056373
0 0.020425 0.730392 0.034314 0.058824
0 0.023693 0.682598 0.031046 0.056373
0 0.053922 0.686275 0.039216 0.063725
0 0.089869 0.682598 0.032680 0.061275
0 0.152778 0.693627 0.031046 0.058824
0 0.183007 0.691176 0.032680 0.053922
0 0.213235 0.691176 0.031046 0.049020
0 0.241830 0.666667 0.029412 0.053922
0 0.214869 0.638480 0.031046 0.056373
0 0.242647 0.615196 0.031046 0.053922
0 0.183007 0.634804 0.032680 0.053922
0 0.151144 0.642157 0.034314 0.053922
0 0.119281 0.650735 0.032680 0.051471
0 0.024510 0.636029 0.032680 0.056373
0 0.061275 0.629902 0.037582 0.053922
0 0.097222 0.615196 0.031046 0.053922
0 0.015523 0.587010 0.027778 0.041667
0 0.043301 0.566176 0.031046 0.053922
0 0.029412 0.522059 0.035948 0.053922
0 0.026961 0.479167 0.037582 0.051471
0 0.074346 0.578431 0.031046 0.049020
0 0.131536 0.604167 0.031046 0.041667
0 0.098856 0.611520 0.027778 0.051471
0 0.158497 0.594363 0.032680 0.051471
0 0.191993 0.585784 0.031046 0.049020
0 0.223856 0.575980 0.032680 0.049020
0 0.107843 0.564951 0.035948 0.041667
0 0.140523 0.556373 0.032680 0.049020
0 0.172386 0.544118 0.031046 0.039216
0 0.201797 0.536765 0.034314 0.044118
0 0.238562 0.533088 0.032680 0.046569
0 0.086601 0.533088 0.029412 0.041667
0 0.114379 0.513480 0.035948 0.041667
0 0.126634 0.475490 0.031046 0.039216
0 0.149510 0.507353 0.034314 0.049020
0 0.161765 0.459559 0.035948 0.041667
0 0.182190 0.496324 0.034314 0.046569
0 0.219771 0.496324 0.037582 0.041667
0 0.677288 0.659314 0.047386 0.073529
0 0.723039 0.658088 0.044118 0.071078
0 0.766340 0.660539 0.045752 0.066176
0 0.811275 0.654412 0.040850 0.063725
0 0.859477 0.666667 0.045752 0.073529
0 0.901144 0.631127 0.044118 0.061275
0 0.655229 0.606618 0.049020 0.071078
0 0.697712 0.601716 0.045752 0.061275
0 0.744281 0.601716 0.047386 0.071078
0 0.787582 0.606618 0.049020 0.071078
0 0.833333 0.602941 0.045752 0.063725
0 0.870915 0.571078 0.045752 0.063725
0 0.852941 0.517157 0.045752 0.058824
0 0.813725 0.552696 0.045752 0.066176
0 0.769608 0.547794 0.042484 0.066176
0 0.724673 0.547794 0.047386 0.061275
0 0.678105 0.545343 0.042484 0.061275
0 0.658497 0.487745 0.042484 0.063725
0 0.702614 0.492647 0.045752 0.068627
0 0.746732 0.491422 0.049020 0.071078
0 0.791667 0.491422 0.047386 0.071078
0 0.658497 0.398284 0.045752 0.075980
0 0.699346 0.395833 0.045752 0.071078
0 0.361928 0.750000 0.044118 0.068627
0 0.407680 0.747549 0.044118 0.068627
0 0.451797 0.747549 0.044118 0.063725
0 0.338235 0.697304 0.049020 0.056373
0 0.385621 0.696078 0.045752 0.063725
0 0.428922 0.692402 0.047386 0.056373
0 0.479575 0.702206 0.047386 0.056373
0 0.323529 0.636029 0.045752 0.066176
0 0.364379 0.642157 0.045752 0.058824
0 0.406046 0.642157 0.047386 0.058824
0 0.458333 0.647059 0.044118 0.068627
0 0.502451 0.649510 0.044118 0.053922
0 0.346405 0.590686 0.045752 0.063725
0 0.388889 0.589461 0.049020 0.061275
0 0.437908 0.599265 0.052288 0.061275
0 0.481209 0.591912 0.044118 0.061275
0 0.316176 0.552696 0.047386 0.066176
0 0.367647 0.533088 0.049020 0.061275
0 0.415850 0.541667 0.040850 0.058824
0 0.458333 0.542892 0.044118 0.056373
0 0.507353 0.552696 0.044118 0.066176
0 0.548203 0.541667 0.047386 0.063725
0 0.590686 0.520833 0.047386 0.066176
0 0.318627 0.485294 0.049020 0.068627
0 0.360294 0.468137 0.044118 0.068627
0 0.397059 0.490196 0.042484 0.063725
0 0.434641 0.466912 0.042484 0.066176
0 0.473856 0.501225 0.045752 0.061275
0 0.515523 0.490196 0.044118 0.063725
0 0.558824 0.481618 0.042484 0.061275
0 0.596405 0.454657 0.042484 0.066176
0 0.316993 0.420343 0.045752 0.066176
0 0.355392 0.399510 0.044118 0.063725
0 0.397876 0.427696 0.040850 0.071078
0 0.435458 0.403186 0.040850 0.061275
0 0.471405 0.437500 0.047386 0.066176
0 0.516340 0.425245 0.045752 0.066176
0 0.558007 0.411765 0.047386 0.063725
0 0.599673 0.393382 0.045752 0.061275
0 0.572712 0.345588 0.044118 0.073529
0 0.529412 0.362745 0.045752 0.058824
0 0.487745 0.378676 0.047386 0.061275
0 0.449346 0.341912 0.035948 0.061275
0 0.401144 0.363971 0.040850 0.056373
0 0.360294 0.338235 0.044118 0.063725
0 0.322712 0.356618 0.050654 0.056373
0 0.332516 0.291667 0.044118 0.058824
0 0.319444 0.230392 0.047386 0.063725
0 0.360294 0.212010 0.044118 0.061275
0 0.370098 0.272059 0.044118 0.058824
0 0.407680 0.241422 0.044118 0.061275
0 0.415850 0.301471 0.044118 0.063725
0 0.445261 0.209559 0.044118 0.066176
0 0.450980 0.269608 0.042484 0.063725
0 0.496732 0.317402 0.039216 0.061275
0 0.537582 0.300245 0.042484 0.066176
