0 0.029553 0.942169 0.055911 0.115663
0 0.098243 0.946988 0.087859 0.106024
0 0.178914 0.938554 0.079872 0.098795
0 0.263578 0.928916 0.079872 0.113253
0 0.343450 0.937349 0.083067 0.115663
0 0.423323 0.924096 0.079872 0.103614
0 0.503994 0.919277 0.081470 0.113253
0 0.587061 0.924096 0.081470 0.103614
0 0.663738 0.918072 0.078275 0.086747
0 0.748403 0.936145 0.078275 0.098795
0 0.838658 0.950602 0.073482 0.098795
0 0.912939 0.955422 0.071885 0.089157
0 0.973642 0.948193 0.049521 0.103614
0 0.051917 0.851807 0.087859 0.103614
0 0.134185 0.861446 0.092652 0.103614
0 0.220447 0.848193 0.083067 0.091566
0 0.305112 0.828916 0.083067 0.096386
0 0.387380 0.827711 0.084665 0.098795
0 0.468850 0.828916 0.081470 0.101205
0 0.549521 0.834940 0.083067 0.098795
0 0.633387 0.849398 0.084665 0.108434
0 0.705272 0.831325 0.078275 0.091566
0 0.792332 0.838554 0.079872 0.096386
0 0.888179 0.874699 0.076677 0.110843
0 0.955272 0.844578 0.070288 0.093976
0 0.024760 0.745783 0.046326 0.122892
0 0.094249 0.749398 0.083067 0.120482
0 0.177316 0.760241 0.089457 0.118072
0 0.263578 0.761446 0.089457 0.120482
0 0.348243 0.742169 0.079872 0.106024
0 0.432109 0.742169 0.084665 0.110843
0 0.511981 0.745783 0.091054 0.103614
0 0.602236 0.755422 0.086262 0.113253
0 0.681310 0.742169 0.084665 0.106024
0 0.765974 0.754217 0.084665 0.125301
0 0.845048 0.750602 0.076677 0.122892
0 0.930511 0.753012 0.091054 0.113253
0 0.968850 0.651807 0.062300 0.132530
0 0.896965 0.636145 0.087859 0.115663
0 0.815495 0.644578 0.084665 0.118072
0 0.735623 0.648193 0.078275 0.115663
0 0.644569 0.628916 0.084665 0.125301
0 0.569489 0.636145 0.094249 0.110843
0 0.484824 0.638554 0.087859 0.110843
0 0.404952 0.645783 0.091054 0.120482
0 0.305911 0.637349 0.078275 0.118072
0 0.221246 0.650602 0.084665 0.115663
0 0.135783 0.646988 0.092652 0.122892
0 0.050319 0.645783 0.094249 0.125301
0 0.024760 0.527711 0.046326 0.130120
0 0.087061 0.533735 0.097444 0.137349
0 0.173323 0.532530 0.097444 0.134940
0 0.265176 0.550602 0.089457 0.127711
0 0.351438 0.544578 0.086262 0.110843
0 0.440096 0.533735 0.094249 0.113253
0 0.523962 0.533735 0.086262 0.122892
0 0.609425 0.536145 0.094249 0.118072
0 0.703674 0.549398 0.084665 0.125301
0 0.782748 0.548193 0.079872 0.118072
0 0.876198 0.548193 0.091054 0.127711
0 0.961661 0.518072 0.076677 0.134940
0 0.045527 0.424096 0.087859 0.130120
0 0.134185 0.420482 0.089457 0.137349
0 0.221246 0.428916 0.091054 0.134940
0 0.309105 0.432530 0.087859 0.132530
0 0.396965 0.459036 0.084665 0.127711
0 0.492013 0.442169 0.083067 0.127711
0 0.579872 0.443373 0.086262 0.125301
0 0.663738 0.439759 0.091054 0.118072
0 0.749201 0.445783 0.089457 0.130120
0 0.837061 0.427711 0.079872 0.127711
0 0.927316 0.400000 0.087859 0.130120
0 0.079073 0.316867 0.091054 0.127711
0 0.179712 0.312048 0.087859 0.127711
0 0.268371 0.315663 0.086262 0.125301
0 0.353834 0.324096 0.087859 0.127711
0 0.449681 0.353012 0.091054 0.146988
0 0.533546 0.326506 0.086262 0.132530
0 0.631789 0.340964 0.084665 0.132530
0 0.756390 0.334940 0.087859 0.130120
0 0.839457 0.309639 0.091054 0.132530
0 0.921725 0.261446 0.086262 0.122892
0 0.978435 0.114458 0.043131 0.132530
0 0.896965 0.142169 0.087859 0.125301
0 0.805911 0.207229 0.081470 0.134940
0 0.718850 0.225301 0.089457 0.137349
0 0.632588 0.166265 0.086262 0.154217
0 0.545527 0.192771 0.081470 0.134940
0 0.458466 0.201205 0.092652 0.132530
0 0.313099 0.222892 0.083067 0.132530
0 0.224441 0.204819 0.084665 0.139759
0 0.127796 0.213253 0.089457 0.142169
0 0.042332 0.204819 0.081470 0.130120
0 0.078275 0.102410 0.092652 0.127711
0 0.170128 0.107229 0.087859 0.146988
0 0.278754 0.079518 0.097444 0.120482
0 0.374601 0.127711 0.091054 0.134940
0 0.462460 0.075904 0.097444 0.142169
0 0.561502 0.086747 0.094249 0.139759
0 0.738818 0.095181 0.097444 0.122892
0 0.646965 0.042169 0.086262 0.079518
0 0.841054 0.077108 0.097444 0.134940
