0 0.120117 0.770290 0.060547 0.152174
0 0.176270 0.776812 0.059570 0.153623
0 0.235352 0.785507 0.070312 0.168116
0 0.307129 0.792754 0.077148 0.176812
0 0.387695 0.798551 0.080078 0.200000
0 0.481445 0.808696 0.107422 0.202899
0 0.607910 0.815217 0.129883 0.230435
0 0.751953 0.827536 0.158203 0.255072
0 0.163574 0.655072 0.055664 0.121739
0 0.217285 0.656522 0.059570 0.139130
0 0.280762 0.650000 0.069336 0.143478
0 0.356445 0.644928 0.080078 0.159420
0 0.442871 0.641304 0.092773 0.166667
0 0.543457 0.637681 0.116211 0.188406
0 0.672852 0.634058 0.138672 0.207246
0 0.215820 0.541304 0.062500 0.126087
0 0.273438 0.528986 0.072266 0.133333
0 0.341309 0.514493 0.081055 0.130435
0 0.416992 0.500000 0.083984 0.147826
0 0.509766 0.492029 0.093750 0.166667
0 0.618164 0.477536 0.113281 0.181159
0 0.277344 0.434058 0.058594 0.102899
0 0.336426 0.408696 0.073242 0.110145
0 0.406738 0.396377 0.075195 0.120290
0 0.486816 0.369565 0.086914 0.139130
0 0.581055 0.343478 0.101562 0.139130
0 0.335938 0.331159 0.060547 0.085507
0 0.402832 0.298551 0.069336 0.107246
0 0.473145 0.283333 0.081055 0.111594
0 0.555176 0.255797 0.086914 0.143478
0 0.036133 0.522464 0.035156 0.062319
0 0.064453 0.516667 0.031250 0.065217
0 0.012207 0.570290 0.022461 0.059420
0 0.035645 0.571014 0.034180 0.072464
0 0.016113 0.636957 0.030273 0.085507
0 0.908203 0.541304 0.033203 0.047826
0 0.937012 0.543478 0.032227 0.040580
0 0.963379 0.540580 0.032227 0.040580
0 0.989746 0.534783 0.020508 0.040580
0 0.927246 0.571739 0.030273 0.042029
0 0.939453 0.600725 0.027344 0.039130
0 0.967285 0.600000 0.026367 0.037681
0 0.990723 0.598551 0.018555 0.043478
