0 0.623047 0.584028 0.071094 0.131944
0 0.548828 0.581944 0.077344 0.130556
0 0.472656 0.580556 0.071875 0.136111
0 0.395703 0.581944 0.077344 0.141667
0 0.319922 0.577778 0.078906 0.138889
0 0.242188 0.572917 0.079687 0.131944
0 0.167578 0.568056 0.075781 0.141667
0 0.124219 0.686111 0.076563 0.133333
0 0.202344 0.684722 0.079687 0.119444
0 0.279297 0.681944 0.078906 0.125000
0 0.355469 0.690972 0.079687 0.126389
0 0.430469 0.693056 0.079687 0.125000
0 0.503125 0.691667 0.079687 0.122222
0 0.578125 0.693056 0.081250 0.125000
0 0.655859 0.695139 0.074219 0.126389
0 0.089453 0.789583 0.083594 0.123611
0 0.166406 0.798611 0.079687 0.119444
0 0.241016 0.800000 0.072656 0.113889
0 0.317578 0.798611 0.075781 0.125000
0 0.391016 0.800000 0.083594 0.119444
0 0.465234 0.804167 0.075781 0.119444
0 0.542578 0.806250 0.077344 0.118056
0 0.616797 0.804861 0.075781 0.129167
0 0.688281 0.809722 0.073438 0.119444
0 0.055078 0.903472 0.077344 0.126389
0 0.130859 0.905556 0.078906 0.127778
0 0.204687 0.905556 0.078125 0.116667
0 0.278125 0.906944 0.081250 0.127778
0 0.352734 0.909028 0.078906 0.118056
0 0.431250 0.910417 0.079687 0.115278
0 0.500000 0.907639 0.079687 0.115278
0 0.575391 0.913889 0.082031 0.116667
0 0.647266 0.911806 0.075781 0.115278
0 0.721094 0.914583 0.075000 0.123611
