0 0.061429 0.700714 0.120000 0.181429
0 0.210000 0.663571 0.182857 0.161429
0 0.303571 0.512143 0.187143 0.178571
0 0.495000 0.455714 0.167143 0.171429
0 0.637857 0.431429 0.158571 0.160000
0 0.721429 0.286429 0.157143 0.167143
0 0.860000 0.275714 0.142857 0.160000
0 0.962857 0.263571 0.074286 0.144286
0 0.777143 0.408571 0.134286 0.157143
0 0.890000 0.386429 0.134286 0.141429
0 0.970714 0.378571 0.058571 0.131429
0 0.406429 0.597143 0.172857 0.154286
0 0.557857 0.572143 0.138571 0.152857
0 0.695000 0.545714 0.155714 0.145714
0 0.800000 0.513571 0.154286 0.138571
0 0.912857 0.487857 0.122857 0.132857
0 0.131429 0.794286 0.180000 0.160000
0 0.317143 0.730714 0.154286 0.135714
0 0.477857 0.691429 0.147143 0.140000
0 0.606429 0.668571 0.138571 0.128571
0 0.728571 0.634286 0.154286 0.125714
0 0.828571 0.601429 0.128571 0.117143
0 0.941429 0.582143 0.105714 0.107143
0 0.065000 0.905714 0.127143 0.137143
0 0.245714 0.858571 0.162857 0.148571
0 0.392143 0.800714 0.141429 0.135714
0 0.529286 0.780000 0.132857 0.117143
0 0.647143 0.752857 0.125714 0.122857
0 0.758571 0.702857 0.102857 0.114286
0 0.860000 0.682857 0.105714 0.122857
0 0.951429 0.657143 0.097143 0.111429
0 0.170714 0.952143 0.167143 0.095714
0 0.332143 0.930714 0.152857 0.138571
0 0.462143 0.890714 0.144286 0.138571
0 0.586429 0.849286 0.121429 0.124286
0 0.695714 0.817143 0.122857 0.120000
0 0.802857 0.781429 0.114286 0.114286
0 0.902143 0.751429 0.110000 0.108571
0 0.967143 0.732857 0.065714 0.108571
