0 0.010937 0.653906 0.019792 0.076563
0 0.030729 0.657031 0.030208 0.085938
0 0.056771 0.662500 0.030208 0.087500
0 0.087500 0.661719 0.037500 0.092188
0 0.118229 0.668750 0.036458 0.096875
0 0.152083 0.668750 0.037500 0.106250
0 0.189062 0.673438 0.042708 0.109375
0 0.232292 0.675000 0.058333 0.115625
0 0.281250 0.685937 0.047917 0.118750
0 0.334896 0.690625 0.059375 0.128125
0 0.395313 0.696875 0.067708 0.131250
0 0.464062 0.705469 0.073958 0.135937
0 0.534375 0.703906 0.077083 0.142187
0 0.620833 0.716406 0.087500 0.148438
0 0.722917 0.729688 0.104167 0.168750
0 0.826042 0.734375 0.108333 0.175000
0 0.019271 0.583594 0.028125 0.079687
0 0.047917 0.583594 0.033333 0.089063
0 0.073438 0.582812 0.026042 0.090625
0 0.103646 0.584375 0.034375 0.093750
0 0.134375 0.585938 0.035417 0.103125
0 0.172917 0.585938 0.037500 0.103125
0 0.213542 0.582812 0.045833 0.103125
0 0.259896 0.586719 0.051042 0.117188
0 0.307812 0.584375 0.051042 0.115625
0 0.365625 0.580469 0.058333 0.117188
0 0.428646 0.580469 0.063542 0.135937
0 0.498437 0.588281 0.073958 0.142187
0 0.580208 0.584375 0.077083 0.146875
0 0.675521 0.585156 0.082292 0.154688
0 0.773958 0.588281 0.093750 0.157812
0 0.032813 0.515625 0.032292 0.087500
0 0.063542 0.510156 0.033333 0.089063
0 0.091667 0.507031 0.029167 0.089063
0 0.116146 0.505469 0.032292 0.098437
0 0.157292 0.499219 0.041667 0.104688
0 0.195312 0.501563 0.044792 0.112500
0 0.240625 0.497656 0.047917 0.110937
0 0.285938 0.485938 0.046875 0.112500
0 0.338542 0.482031 0.054167 0.129688
0 0.393229 0.477344 0.059375 0.126562
0 0.464062 0.466406 0.071875 0.132812
0 0.540104 0.470313 0.082292 0.140625
0 0.626563 0.460156 0.086458 0.154688
0 0.724479 0.458594 0.094792 0.160938
0 0.050521 0.441406 0.028125 0.079687
0 0.080729 0.433594 0.032292 0.092188
0 0.107292 0.428906 0.035417 0.098437
0 0.142187 0.421875 0.038542 0.100000
0 0.177083 0.415625 0.037500 0.109375
0 0.219792 0.403125 0.041667 0.112500
0 0.269792 0.396875 0.050000 0.118750
0 0.314583 0.382812 0.052083 0.121875
0 0.369792 0.378125 0.058333 0.131250
0 0.430729 0.367188 0.065625 0.134375
0 0.501563 0.353125 0.071875 0.146875
0 0.588542 0.346094 0.085417 0.145313
0 0.677083 0.328906 0.093750 0.154688
