0 0.023438 0.971296 0.045833 0.057407
0 0.073438 0.971296 0.051042 0.057407
0 0.123438 0.968056 0.050000 0.063889
0 0.173698 0.967130 0.048438 0.065741
0 0.222917 0.965741 0.050000 0.068519
0 0.274740 0.963426 0.052604 0.073148
0 0.324219 0.963889 0.047396 0.072222
0 0.374219 0.961574 0.048438 0.076852
0 0.420312 0.960185 0.043750 0.079630
0 0.469792 0.957870 0.047917 0.084259
0 0.520052 0.957870 0.052604 0.082407
0 0.566146 0.954167 0.050000 0.084259
0 0.616667 0.946759 0.053125 0.084259
0 0.666146 0.952778 0.053125 0.079630
0 0.714583 0.949074 0.050000 0.075926
0 0.767448 0.952315 0.054688 0.080556
0 0.819271 0.950000 0.054167 0.083333
0 0.868750 0.954630 0.050000 0.081481
0 0.922656 0.957407 0.051562 0.085185
0 0.975260 0.953241 0.046354 0.089815
0 0.045312 0.913426 0.051042 0.073148
0 0.093750 0.917130 0.051042 0.082407
0 0.147917 0.906944 0.051042 0.073148
0 0.198958 0.904630 0.047917 0.068519
0 0.248177 0.899537 0.049479 0.075000
0 0.296094 0.896296 0.050521 0.081481
0 0.346615 0.896296 0.049479 0.074074
0 0.396354 0.891204 0.046875 0.069444
0 0.444010 0.889352 0.048438 0.067593
0 0.491146 0.884722 0.048958 0.067593
0 0.540625 0.881944 0.048958 0.062037
0 0.589844 0.884259 0.047396 0.074074
0 0.637500 0.885648 0.053125 0.071296
0 0.687500 0.875926 0.048958 0.075926
0 0.740104 0.888889 0.052083 0.090741
0 0.792448 0.888889 0.057813 0.096296
0 0.844010 0.892130 0.057813 0.087963
0 0.896615 0.889352 0.059896 0.084259
0 0.952083 0.873148 0.057292 0.087037
0 0.015365 0.843056 0.029687 0.093519
0 0.056250 0.843981 0.052083 0.097222
0 0.108333 0.843056 0.050000 0.091667
0 0.163281 0.842130 0.052604 0.091667
0 0.209635 0.841204 0.057813 0.089815
0 0.263021 0.837963 0.053125 0.085185
0 0.310677 0.834259 0.054688 0.090741
0 0.361458 0.830556 0.051042 0.088889
0 0.411198 0.832407 0.055729 0.087037
0 0.463542 0.827315 0.051042 0.095370
0 0.514062 0.824074 0.051042 0.088889
0 0.562760 0.822685 0.054688 0.087963
0 0.612500 0.821759 0.054167 0.087963
0 0.664062 0.817130 0.054167 0.082407
0 0.713021 0.814352 0.051042 0.084259
0 0.763542 0.812963 0.060417 0.087037
0 0.818229 0.813426 0.057292 0.087963
0 0.871094 0.811574 0.053646 0.084259
0 0.924740 0.792130 0.056771 0.082407
0 0.975000 0.797222 0.050000 0.090741
0 0.030469 0.768981 0.053646 0.099074
0 0.083073 0.764352 0.055729 0.102778
0 0.137500 0.762963 0.053125 0.100000
0 0.186979 0.763426 0.053125 0.097222
0 0.237760 0.756944 0.053646 0.095370
0 0.286979 0.756481 0.047917 0.092593
0 0.337760 0.753704 0.047396 0.092593
0 0.389062 0.750926 0.052083 0.094444
0 0.439844 0.748611 0.051562 0.095370
0 0.489063 0.750000 0.051042 0.096296
0 0.539323 0.748148 0.050521 0.100000
0 0.589323 0.743056 0.053646 0.099074
0 0.641406 0.740741 0.055729 0.092593
0 0.691667 0.740741 0.054167 0.094444
0 0.743750 0.734722 0.057292 0.089815
0 0.796094 0.736574 0.053646 0.086111
0 0.846354 0.735185 0.054167 0.088889
0 0.900260 0.712037 0.057813 0.088889
0 0.954167 0.712963 0.057292 0.090741
0 0.014323 0.690741 0.027604 0.094444
0 0.054688 0.687500 0.053125 0.095370
0 0.107552 0.686111 0.060937 0.098148
0 0.160677 0.683333 0.050521 0.092593
0 0.210677 0.681019 0.050521 0.093519
0 0.260677 0.680556 0.054688 0.090741
0 0.312240 0.671759 0.051562 0.089815
0 0.364323 0.669907 0.051562 0.099074
0 0.414844 0.668981 0.055729 0.097222
0 0.462500 0.666204 0.054167 0.097222
0 0.514062 0.660185 0.050000 0.096296
0 0.563021 0.666204 0.052083 0.095370
0 0.614062 0.664352 0.051042 0.095370
0 0.665365 0.662963 0.052604 0.092593
0 0.716927 0.660185 0.053646 0.094444
0 0.770052 0.654167 0.059896 0.091667
0 0.819531 0.655556 0.054688 0.088889
0 0.872396 0.634259 0.056250 0.090741
0 0.926302 0.633333 0.057813 0.096296
0 0.973958 0.628241 0.052083 0.095370
0 0.775000 0.570833 0.053125 0.097222
0 0.827604 0.568981 0.051042 0.093519
0 0.895573 0.555093 0.055729 0.097222
0 0.946615 0.556019 0.051562 0.084259
0 0.851823 0.493981 0.053646 0.086111
0 0.933594 0.485648 0.054688 0.100926
0 0.980208 0.484259 0.039583 0.100000
0 0.952604 0.403241 0.060417 0.095370
0 0.873437 0.412963 0.052083 0.096296
0 0.284115 0.604167 0.054688 0.095370
0 0.234115 0.605556 0.056771 0.100000
0 0.184896 0.603704 0.054167 0.100000
0 0.130990 0.608333 0.056771 0.098148
0 0.078646 0.608796 0.057292 0.104630
0 0.026302 0.613889 0.051562 0.107407
0 0.052083 0.532870 0.055208 0.100926
0 0.102865 0.530093 0.050521 0.095370
0 0.153125 0.529630 0.051042 0.103704
0 0.208333 0.526852 0.052083 0.105556
0 0.258333 0.521759 0.052083 0.087963
0 0.026042 0.455093 0.051042 0.093519
0 0.076302 0.451389 0.050521 0.091667
0 0.128385 0.450926 0.052604 0.092593
0 0.183594 0.446296 0.050521 0.088889
0 0.050260 0.375000 0.053646 0.087037
0 0.100781 0.376389 0.046354 0.087963
0 0.154167 0.371296 0.057292 0.085185
