0 0.032750 0.788667 0.023500 0.052000
0 0.053500 0.797667 0.025000 0.046000
0 0.070500 0.799333 0.031000 0.046667
0 0.096250 0.810333 0.026500 0.046000
0 0.116250 0.818667 0.033500 0.052000
0 0.140750 0.832000 0.026500 0.052000
0 0.165000 0.840000 0.034000 0.049333
0 0.189500 0.851000 0.029000 0.050000
0 0.215250 0.864667 0.033500 0.056000
0 0.244000 0.872333 0.036000 0.059333
0 0.273250 0.883333 0.033500 0.060000
0 0.304000 0.895667 0.034000 0.060667
0 0.335750 0.910000 0.035500 0.061333
0 0.367250 0.922667 0.040500 0.062667
0 0.402000 0.933667 0.043000 0.074000
0 0.438750 0.950667 0.041500 0.061333
0 0.475250 0.959667 0.040500 0.063333
0 0.512250 0.970667 0.041500 0.058667
0 0.551750 0.979667 0.045500 0.040667
0 0.037500 0.755000 0.025000 0.046000
0 0.058000 0.761000 0.033000 0.047333
0 0.079750 0.768000 0.031500 0.046667
0 0.104000 0.777333 0.031000 0.042667
0 0.128000 0.786000 0.026000 0.042667
0 0.153250 0.797000 0.032500 0.046000
0 0.174500 0.803000 0.033000 0.043333
0 0.202000 0.812333 0.032000 0.042000
0 0.228750 0.818667 0.027500 0.040000
0 0.250750 0.816000 0.037500 0.046667
0 0.284500 0.840333 0.034000 0.050000
0 0.317250 0.854333 0.042500 0.054000
0 0.352000 0.864667 0.035000 0.052000
0 0.381750 0.877667 0.036500 0.059333
0 0.417250 0.886333 0.040500 0.056667
0 0.458250 0.902000 0.036500 0.060000
0 0.494000 0.911000 0.042000 0.059333
0 0.537250 0.930333 0.044500 0.064667
0 0.579750 0.944333 0.051500 0.070000
0 0.622000 0.965000 0.053000 0.066000
0 0.669750 0.974000 0.054500 0.052000
0 0.028750 0.716667 0.025500 0.045333
0 0.046250 0.717667 0.031500 0.039333
0 0.070500 0.730000 0.031000 0.044000
0 0.091750 0.734333 0.033500 0.042000
0 0.113250 0.744333 0.030500 0.044667
0 0.138000 0.755000 0.026000 0.046000
0 0.160000 0.764333 0.032000 0.046000
0 0.188750 0.769000 0.025500 0.044667
0 0.212250 0.777333 0.030500 0.042667
0 0.239250 0.779667 0.031500 0.034000
0 0.305250 0.809000 0.039500 0.051333
0 0.331500 0.818333 0.031000 0.051333
0 0.365000 0.828000 0.039000 0.056000
0 0.399750 0.836333 0.041500 0.056667
0 0.432000 0.850000 0.050000 0.062667
0 0.474250 0.858667 0.045500 0.061333
0 0.517500 0.870333 0.047000 0.059333
0 0.560500 0.887667 0.046000 0.064667
0 0.606500 0.903333 0.047000 0.070667
0 0.653750 0.919000 0.052500 0.068667
0 0.702750 0.939000 0.058500 0.071333
0 0.757000 0.957333 0.068000 0.073333
0 0.821250 0.972333 0.068500 0.055333
0 0.881750 0.983333 0.063500 0.033333
0 0.034250 0.683333 0.027500 0.041333
0 0.057250 0.689000 0.031500 0.038000
0 0.080250 0.698000 0.030500 0.040000
0 0.100250 0.703333 0.029500 0.037333
0 0.122000 0.710333 0.030000 0.042000
0 0.148500 0.719667 0.031000 0.042000
0 0.171500 0.729667 0.032000 0.044667
0 0.195500 0.734000 0.036000 0.046667
0 0.226500 0.743333 0.036000 0.046667
0 0.254500 0.748667 0.037000 0.048000
0 0.285500 0.758333 0.039000 0.052667
0 0.315000 0.771000 0.042000 0.050000
0 0.348250 0.781667 0.039500 0.055333
0 0.380000 0.788000 0.039000 0.053333
0 0.417000 0.796000 0.046000 0.056000
0 0.457250 0.806000 0.045500 0.062667
0 0.493500 0.814000 0.045000 0.068000
0 0.538500 0.828000 0.047000 0.062667
0 0.584000 0.842000 0.049000 0.068000
0 0.628750 0.857000 0.055500 0.068667
0 0.680500 0.878667 0.056000 0.069333
0 0.735250 0.890667 0.057500 0.070667
0 0.792000 0.908000 0.063000 0.076000
0 0.858750 0.931667 0.079500 0.074000
0 0.973500 0.907667 0.053000 0.063333
0 0.979250 0.770000 0.041500 0.080000
0 0.024000 0.644333 0.024000 0.040667
0 0.042750 0.651000 0.025500 0.046000
0 0.062750 0.659333 0.029500 0.040000
0 0.086000 0.665333 0.028000 0.038667
0 0.109750 0.669667 0.033500 0.046000
0 0.131000 0.672667 0.029000 0.037333
0 0.155250 0.680667 0.030500 0.038667
0 0.180500 0.690000 0.033000 0.042667
0 0.210250 0.696333 0.034500 0.047333
0 0.233750 0.702000 0.034500 0.048000
0 0.267000 0.708333 0.037000 0.046000
0 0.297500 0.719333 0.037000 0.053333
0 0.328500 0.729667 0.040000 0.048667
0 0.364750 0.731667 0.033500 0.044667
0 0.396500 0.745333 0.040000 0.057333
0 0.432250 0.755333 0.040500 0.052000
0 0.475250 0.763000 0.045500 0.056667
0 0.515750 0.768667 0.043500 0.054667
0 0.565000 0.784333 0.041000 0.062000
0 0.607500 0.794000 0.049000 0.066667
0 0.655000 0.813000 0.047000 0.067333
0 0.706250 0.828667 0.059500 0.069333
0 0.766250 0.842667 0.061500 0.070667
0 0.829000 0.863000 0.061000 0.076667
0 0.893250 0.879667 0.073500 0.082000
0 0.030500 0.613000 0.028000 0.044667
0 0.049500 0.618667 0.028000 0.040000
0 0.071250 0.626333 0.032500 0.044667
0 0.092750 0.628000 0.035500 0.044000
0 0.121250 0.634000 0.029500 0.042667
0 0.143500 0.641667 0.029000 0.047333
0 0.170000 0.645333 0.035000 0.049333
0 0.198500 0.652667 0.033000 0.050667
0 0.223000 0.659333 0.032000 0.044000
0 0.250500 0.667667 0.034000 0.050000
0 0.284500 0.674000 0.036000 0.056000
0 0.313750 0.680667 0.035500 0.049333
0 0.348250 0.685333 0.038500 0.056000
0 0.382000 0.692000 0.036000 0.053333
0 0.415250 0.698333 0.044500 0.063333
0 0.457500 0.709333 0.048000 0.062667
0 0.499250 0.715333 0.043500 0.057333
0 0.539250 0.727000 0.046500 0.058000
0 0.582750 0.733333 0.051500 0.070667
0 0.634000 0.742333 0.051000 0.063333
0 0.684000 0.765000 0.054000 0.070000
0 0.741000 0.776000 0.054000 0.069333
0 0.797250 0.790333 0.062500 0.074000
0 0.858750 0.803667 0.065500 0.078000
0 0.022750 0.575000 0.020500 0.047333
0 0.041000 0.578000 0.025000 0.041333
0 0.062250 0.584333 0.027500 0.038000
0 0.081000 0.586667 0.032000 0.042667
0 0.105000 0.595333 0.032000 0.045333
0 0.129250 0.598000 0.030500 0.037333
0 0.155250 0.603667 0.030500 0.044667
0 0.179500 0.608000 0.032000 0.053333
0 0.205250 0.612000 0.035500 0.045333
0 0.234500 0.623333 0.030000 0.049333
0 0.260750 0.626667 0.038500 0.046667
0 0.297000 0.629667 0.039000 0.048667
0 0.329250 0.639333 0.033500 0.048000
0 0.363500 0.642333 0.047000 0.055333
0 0.397000 0.641667 0.041000 0.054000
0 0.434500 0.652667 0.044000 0.050667
0 0.474750 0.662667 0.042500 0.056000
0 0.515000 0.664000 0.052000 0.068000
0 0.561500 0.676667 0.049000 0.057333
0 0.609500 0.686000 0.050000 0.068000
0 0.660250 0.698667 0.056500 0.076000
0 0.711250 0.716333 0.055500 0.074000
0 0.772000 0.723667 0.066000 0.078000
0 0.832500 0.733667 0.073000 0.074000
0 0.898500 0.745667 0.072000 0.087333
0 0.026250 0.540667 0.024500 0.040000
0 0.049250 0.546000 0.029500 0.044000
0 0.071750 0.548000 0.027500 0.044000
0 0.092500 0.553000 0.028000 0.039333
0 0.117500 0.555667 0.032000 0.047333
0 0.143000 0.556667 0.033000 0.046667
0 0.168000 0.563000 0.036000 0.044667
0 0.195500 0.572333 0.031000 0.047333
0 0.219250 0.575000 0.035500 0.050000
0 0.247000 0.579333 0.036000 0.048000
0 0.279250 0.587000 0.037500 0.052667
0 0.306000 0.587000 0.035000 0.048667
0 0.341000 0.595000 0.035000 0.050000
0 0.375500 0.593667 0.041000 0.054000
0 0.413000 0.600000 0.038000 0.056000
0 0.451500 0.609333 0.046000 0.052000
0 0.495500 0.611333 0.042000 0.052000
0 0.535250 0.618667 0.042500 0.058667
0 0.582750 0.628000 0.051500 0.060000
0 0.637250 0.637667 0.047500 0.064667
0 0.685250 0.648000 0.059500 0.066667
0 0.744250 0.659667 0.052500 0.070000
0 0.802000 0.666667 0.062000 0.073333
0 0.869500 0.677667 0.064000 0.074000
0 0.019250 0.501000 0.027500 0.043333
0 0.036500 0.505667 0.026000 0.040667
0 0.057500 0.506667 0.026000 0.036000
0 0.079500 0.513000 0.029000 0.047333
0 0.107000 0.515333 0.032000 0.048000
0 0.130250 0.514333 0.027500 0.046000
0 0.150750 0.521667 0.034500 0.050000
0 0.177500 0.525667 0.036000 0.048667
0 0.204500 0.529667 0.032000 0.044667
0 0.233500 0.534000 0.032000 0.053333
0 0.260750 0.539333 0.039500 0.052000
0 0.293000 0.539333 0.036000 0.052000
0 0.324000 0.541000 0.041000 0.051333
0 0.357000 0.545333 0.039000 0.057333
0 0.396250 0.549667 0.046500 0.063333
0 0.432500 0.557000 0.040000 0.055333
0 0.476000 0.559667 0.047000 0.063333
0 0.517750 0.561000 0.046500 0.067333
0 0.565500 0.566667 0.051000 0.066667
0 0.615500 0.577667 0.046000 0.067333
0 0.660250 0.580667 0.056500 0.069333
0 0.718000 0.590000 0.061000 0.082667
0 0.775500 0.598667 0.062000 0.072000
0 0.837250 0.607000 0.072500 0.074000
0 0.909000 0.613667 0.065000 0.091333
0 0.023250 0.462333 0.027500 0.046000
0 0.042750 0.462000 0.022500 0.038667
0 0.060250 0.470000 0.028500 0.042667
0 0.086500 0.473667 0.032000 0.044667
0 0.112250 0.473333 0.032500 0.036000
0 0.138750 0.477667 0.030500 0.040667
0 0.163500 0.480000 0.039000 0.048000
0 0.188500 0.483333 0.036000 0.041333
0 0.221000 0.489333 0.035000 0.048000
0 0.246750 0.491667 0.033500 0.054000
0 0.273000 0.489000 0.032000 0.051333
0 0.302250 0.494667 0.037500 0.056000
0 0.335000 0.501000 0.037000 0.058000
0 0.367750 0.503667 0.041500 0.055333
0 0.413250 0.504333 0.044500 0.054000
0 0.451250 0.506667 0.049500 0.057333
0 0.492250 0.516000 0.042500 0.068000
0 0.535750 0.513333 0.055500 0.062667
0 0.582250 0.516333 0.054500 0.070000
0 0.634500 0.524333 0.059000 0.070000
0 0.691750 0.527667 0.058500 0.074000
0 0.744500 0.528000 0.064000 0.077333
0 0.808750 0.535333 0.081500 0.077333
0 0.878000 0.543333 0.074000 0.076000
0 0.012750 0.424333 0.023500 0.044667
0 0.029250 0.424667 0.026500 0.042667
0 0.049250 0.428000 0.029500 0.044000
0 0.070750 0.433667 0.030500 0.048667
0 0.096000 0.437333 0.032000 0.048000
0 0.121250 0.441667 0.031500 0.050000
0 0.146250 0.440667 0.035500 0.045333
0 0.173250 0.441000 0.033500 0.048667
0 0.194000 0.443667 0.033000 0.054000
0 0.226750 0.446333 0.037500 0.048667
0 0.258750 0.450667 0.039500 0.053333
0 0.292750 0.448333 0.036500 0.048667
0 0.326000 0.449667 0.033000 0.050000
0 0.359500 0.446333 0.045000 0.051333
0 0.395750 0.453667 0.038500 0.055333
0 0.433250 0.455333 0.044500 0.056000
0 0.473250 0.452000 0.049500 0.056000
0 0.514250 0.457333 0.054500 0.066667
0 0.558750 0.458000 0.048500 0.061333
0 0.607500 0.458000 0.054000 0.061333
0 0.661000 0.463000 0.061000 0.063333
0 0.718500 0.466667 0.060000 0.073333
0 0.780000 0.471667 0.068000 0.079333
0 0.847750 0.475667 0.071500 0.084667
0 0.921250 0.476000 0.076500 0.085333
0 0.016250 0.390000 0.025500 0.049333
0 0.034500 0.392333 0.030000 0.044667
0 0.058250 0.393333 0.027500 0.046667
0 0.081750 0.393667 0.028500 0.046000
0 0.106750 0.397333 0.030500 0.045333
0 0.132000 0.396000 0.032000 0.048000
0 0.157000 0.397333 0.036000 0.049333
0 0.184250 0.401000 0.038500 0.052667
0 0.214000 0.403000 0.036000 0.054000
0 0.244250 0.401667 0.028500 0.055333
0 0.273000 0.404667 0.036000 0.053333
0 0.308750 0.404333 0.037500 0.054000
0 0.339500 0.401000 0.035000 0.062000
0 0.374250 0.405667 0.037500 0.063333
0 0.411250 0.404000 0.040500 0.058667
0 0.452500 0.403667 0.048000 0.059333
0 0.493500 0.405333 0.046000 0.070667
0 0.538000 0.399000 0.046000 0.071333
0 0.585500 0.398333 0.054000 0.074000
0 0.638750 0.400000 0.060500 0.073333
0 0.690250 0.402667 0.055500 0.090667
0 0.749750 0.406333 0.064500 0.083333
0 0.816250 0.403333 0.074500 0.090667
0 0.888750 0.400667 0.072500 0.094667
0 0.008500 0.344667 0.016000 0.041333
0 0.027250 0.350000 0.027500 0.045333
0 0.047000 0.351000 0.027000 0.046000
0 0.071250 0.351667 0.028500 0.051333
0 0.095500 0.352000 0.033000 0.048000
0 0.122000 0.351333 0.028000 0.053333
0 0.146500 0.354333 0.024000 0.050000
0 0.170000 0.357333 0.032000 0.056000
0 0.196000 0.354000 0.035000 0.056000
0 0.228250 0.350000 0.031500 0.056000
0 0.257000 0.352667 0.036000 0.057333
0 0.287500 0.350667 0.039000 0.057333
0 0.320250 0.348333 0.037500 0.063333
0 0.352500 0.349667 0.033000 0.059333
0 0.390000 0.346667 0.042000 0.062667
0 0.432250 0.347000 0.043500 0.064667
0 0.476000 0.342333 0.042000 0.063333
0 0.519000 0.344333 0.047000 0.074000
0 0.563500 0.343333 0.050000 0.072000
0 0.613500 0.340000 0.053000 0.072000
0 0.666000 0.341000 0.057000 0.078000
0 0.724000 0.338000 0.059000 0.078667
0 0.786500 0.342667 0.068000 0.073333
0 0.854250 0.336333 0.069500 0.083333
0 0.933750 0.328667 0.076500 0.084000
0 0.013000 0.309333 0.023000 0.041333
0 0.036500 0.307333 0.024000 0.045333
0 0.058000 0.307333 0.025000 0.041333
0 0.080750 0.309667 0.023500 0.044667
0 0.106000 0.309333 0.024000 0.048000
0 0.130250 0.311667 0.025500 0.046000
0 0.154750 0.307667 0.023500 0.044667
0 0.180000 0.310667 0.028000 0.048000
0 0.208250 0.306000 0.030500 0.057333
0 0.239750 0.303000 0.027500 0.054000
0 0.267250 0.308000 0.034500 0.057333
0 0.302250 0.303667 0.037500 0.059333
0 0.339500 0.298667 0.038000 0.057333
0 0.375250 0.296333 0.037500 0.056667
0 0.410750 0.297333 0.035500 0.064000
0 0.451250 0.291333 0.038500 0.061333
0 0.492250 0.288000 0.043500 0.064000
0 0.537250 0.286000 0.047500 0.068000
0 0.585750 0.282333 0.050500 0.068667
0 0.640250 0.279000 0.052500 0.072667
0 0.695000 0.274000 0.060000 0.070667
0 0.760250 0.271000 0.056500 0.072667
0 0.821500 0.265000 0.065000 0.078000
0 0.893500 0.262000 0.073000 0.088000
0 0.006500 0.262667 0.012000 0.036000
0 0.024000 0.270333 0.021000 0.048667
0 0.043500 0.271333 0.024000 0.050667
0 0.066250 0.269000 0.022500 0.050000
0 0.090250 0.266667 0.022500 0.054667
0 0.116000 0.266000 0.025000 0.050667
0 0.140000 0.265667 0.028000 0.050000
0 0.166000 0.265000 0.025000 0.048667
0 0.192000 0.256000 0.029000 0.052000
0 0.222000 0.257333 0.034000 0.058667
0 0.251750 0.254667 0.029500 0.053333
0 0.282250 0.252000 0.032500 0.058667
0 0.316500 0.249333 0.036000 0.068000
0 0.357500 0.246667 0.040000 0.062667
0 0.396750 0.240000 0.038500 0.057333
0 0.432250 0.240667 0.042500 0.066667
0 0.472500 0.235333 0.046000 0.066667
0 0.515750 0.230667 0.045500 0.065333
0 0.562500 0.225333 0.050000 0.076000
0 0.613250 0.221333 0.055500 0.078667
0 0.669000 0.214000 0.056000 0.082667
0 0.728500 0.207333 0.060000 0.078667
0 0.795500 0.196333 0.066000 0.084667
0 0.860000 0.194333 0.071000 0.088667
0 0.938750 0.185667 0.080500 0.088667
0 0.009000 0.222667 0.017000 0.042667
0 0.028000 0.229000 0.024000 0.050000
0 0.051250 0.230333 0.027500 0.054000
0 0.075250 0.225333 0.026500 0.053333
0 0.097500 0.226667 0.026000 0.057333
0 0.124250 0.222667 0.029500 0.057333
0 0.151000 0.219333 0.025000 0.050667
0 0.179500 0.213000 0.026000 0.056667
0 0.207250 0.214000 0.029500 0.057333
0 0.237750 0.208333 0.031500 0.060667
0 0.268250 0.206333 0.037500 0.060667
0 0.312250 0.194667 0.047500 0.066667
0 0.372500 0.191000 0.037000 0.066000
0 0.411000 0.184667 0.042000 0.066667
0 0.451750 0.181667 0.045500 0.063333
0 0.493750 0.173333 0.045500 0.076000
0 0.542000 0.170333 0.052000 0.074000
0 0.591250 0.161000 0.055500 0.078000
0 0.640000 0.157000 0.056000 0.078000
0 0.697750 0.144333 0.056500 0.080667
0 0.761500 0.133333 0.063000 0.081333
0 0.831500 0.122667 0.072000 0.090667
0 0.905250 0.118000 0.069500 0.086667
0 0.015750 0.185333 0.021500 0.048000
0 0.036500 0.187000 0.021000 0.051333
0 0.061000 0.183667 0.025000 0.051333
0 0.082500 0.180000 0.027000 0.052000
0 0.106750 0.178000 0.025500 0.058667
0 0.135250 0.172667 0.029500 0.052000
0 0.161500 0.166333 0.029000 0.050000
0 0.188750 0.164333 0.030500 0.054000
0 0.221500 0.161000 0.032000 0.055333
0 0.253000 0.155000 0.032000 0.060667
0 0.283000 0.154333 0.034000 0.060667
0 0.316250 0.144667 0.036500 0.060000
0 0.352000 0.141000 0.032000 0.063333
0 0.388500 0.130667 0.045000 0.069333
0 0.429000 0.124667 0.044000 0.066667
0 0.472000 0.116667 0.045000 0.070667
0 0.513500 0.112667 0.045000 0.066667
0 0.563500 0.101333 0.056000 0.076000
0 0.615000 0.092667 0.053000 0.078667
0 0.668750 0.084333 0.054500 0.080667
0 0.723250 0.071667 0.058500 0.083333
0 0.796000 0.058000 0.068000 0.086667
0 0.869750 0.042667 0.079500 0.084000
0 0.943000 0.037667 0.086000 0.074000
0 0.021250 0.141667 0.021500 0.047333
0 0.043250 0.142667 0.020500 0.056000
0 0.066500 0.137667 0.025000 0.054000
0 0.088500 0.136667 0.033000 0.062667
0 0.119500 0.130667 0.025000 0.053333
0 0.143500 0.124333 0.032000 0.059333
0 0.171250 0.118000 0.028500 0.057333
0 0.201250 0.110333 0.033500 0.062000
0 0.233000 0.110000 0.039000 0.061333
0 0.263750 0.105333 0.036500 0.058667
0 0.297500 0.095333 0.043000 0.065333
0 0.330250 0.087333 0.038500 0.062667
0 0.367750 0.078000 0.041500 0.073333
0 0.404500 0.071333 0.043000 0.072000
0 0.444250 0.061667 0.049500 0.079333
0 0.492000 0.051000 0.038000 0.072667
0 0.536250 0.048000 0.048500 0.074667
0 0.585000 0.037667 0.054000 0.074000
0 0.636250 0.028000 0.056500 0.054667
0 0.690750 0.021667 0.056500 0.042000
0 0.762500 0.017667 0.058000 0.034000
0 0.011500 0.093333 0.021000 0.057333
0 0.032500 0.096333 0.023000 0.055333
0 0.055500 0.090000 0.025000 0.053333
0 0.077250 0.087000 0.027500 0.052667
0 0.101250 0.083000 0.025500 0.059333
0 0.124750 0.075000 0.028500 0.058000
0 0.155750 0.073000 0.029500 0.056667
0 0.186750 0.065667 0.029500 0.058000
0 0.214500 0.057667 0.037000 0.066000
0 0.163500 0.023333 0.031000 0.045333
0 0.133250 0.026333 0.027500 0.051333
0 0.249250 0.052000 0.029500 0.060000
0 0.279750 0.043667 0.034500 0.068667
0 0.308500 0.034333 0.035000 0.060667
0 0.344250 0.029333 0.038500 0.056000
0 0.381500 0.024667 0.038000 0.048000
0 0.422750 0.017667 0.038500 0.034000
