0 0.060185 0.050000 0.115741 0.092000
0 0.202546 0.052000 0.145833 0.100000
0 0.048611 0.148000 0.092593 0.144000
0 0.160880 0.154000 0.145833 0.148000
0 0.302083 0.137000 0.155093 0.158000
0 0.127315 0.281000 0.134259 0.142000
0 0.253472 0.258000 0.104167 0.136000
0 0.152778 0.402000 0.125000 0.128000
0 0.038194 0.392000 0.071759 0.112000
0 0.377315 0.308000 0.157407 0.148000
0 0.534722 0.329000 0.148148 0.138000
0 0.678241 0.357000 0.152778 0.130000
0 0.827546 0.357000 0.164352 0.138000
0 0.287037 0.424000 0.148148 0.128000
0 0.422454 0.431000 0.145833 0.122000
0 0.564815 0.452000 0.138889 0.120000
0 0.726852 0.467000 0.129630 0.118000
0 0.861111 0.483000 0.129630 0.122000
0 0.214120 0.535000 0.141204 0.118000
0 0.343750 0.563000 0.141204 0.110000
0 0.481481 0.547000 0.138889 0.118000
0 0.636574 0.557000 0.129630 0.110000
0 0.768519 0.580000 0.125000 0.116000
0 0.905093 0.593000 0.138889 0.110000
0 0.063657 0.629000 0.113426 0.102000
0 0.155093 0.628000 0.129630 0.108000
0 0.284722 0.661000 0.134259 0.098000
0 0.413194 0.658000 0.131944 0.104000
0 0.541667 0.647000 0.129630 0.106000
0 0.665509 0.659000 0.127315 0.102000
0 0.795139 0.687000 0.127315 0.110000
0 0.924769 0.694000 0.141204 0.116000
0 0.070602 0.723000 0.122685 0.094000
0 0.196759 0.738000 0.129630 0.096000
0 0.328704 0.759000 0.125000 0.102000
0 0.451389 0.763000 0.125000 0.102000
0 0.569444 0.747000 0.138889 0.094000
0 0.702546 0.758000 0.122685 0.088000
0 0.055556 0.812000 0.106481 0.088000
0 0.255787 0.829000 0.118056 0.094000
0 0.387731 0.844000 0.127315 0.092000
0 0.501157 0.849000 0.127315 0.086000
0 0.620370 0.841000 0.129630 0.094000
0 0.741898 0.867000 0.127315 0.086000
0 0.872685 0.840000 0.138889 0.104000
0 0.070602 0.937000 0.108796 0.094000
0 0.203704 0.886000 0.092593 0.068000
0 0.315972 0.911000 0.127315 0.090000
0 0.543981 0.946000 0.134259 0.068000
0 0.424769 0.974000 0.127315 0.052000
0 0.653935 0.919000 0.108796 0.082000
0 0.803241 0.964000 0.111111 0.072000
0 0.925926 0.966000 0.125000 0.068000
0 0.695602 0.971000 0.127315 0.058000
