0 0.038281 0.886525 0.073438 0.146572
0 0.117969 0.890071 0.082812 0.148936
0 0.200000 0.892435 0.090625 0.158392
0 0.274219 0.891253 0.089063 0.146572
0 0.360156 0.893617 0.079687 0.146572
0 0.440625 0.898345 0.084375 0.151300
0 0.526563 0.898345 0.096875 0.146572
0 0.621094 0.900709 0.092188 0.146572
0 0.707812 0.903073 0.090625 0.151300
0 0.804688 0.906619 0.106250 0.148936
0 0.898438 0.918440 0.100000 0.153664
0 0.973437 0.917258 0.053125 0.151300
0 0.952344 0.794326 0.095312 0.156028
0 0.853125 0.784870 0.106250 0.151300
0 0.760156 0.783688 0.089063 0.139480
0 0.659375 0.777778 0.103125 0.156028
0 0.585938 0.780142 0.090625 0.146572
0 0.489063 0.774232 0.096875 0.144208
0 0.397656 0.775414 0.101562 0.137116
0 0.312500 0.771868 0.090625 0.144208
0 0.234375 0.773050 0.100000 0.132388
0 0.158594 0.767139 0.082812 0.139480
0 0.075000 0.767139 0.084375 0.144208
0 0.017188 0.757683 0.031250 0.125296
0 0.044531 0.654846 0.082812 0.118203
0 0.114844 0.645390 0.089063 0.137116
0 0.203125 0.652482 0.081250 0.132388
0 0.285938 0.653664 0.096875 0.134752
0 0.370312 0.653664 0.087500 0.139480
0 0.446875 0.652482 0.100000 0.141844
0 0.535937 0.654846 0.093750 0.141844
0 0.623437 0.652482 0.093750 0.146572
0 0.717187 0.653664 0.096875 0.139480
0 0.807813 0.650118 0.093750 0.141844
0 0.903125 0.653664 0.100000 0.144208
0 0.026562 0.535461 0.050000 0.130024
0 0.080469 0.531915 0.082812 0.137116
0 0.179688 0.539007 0.084375 0.132388
0 0.257812 0.541371 0.075000 0.132388
0 0.336719 0.540189 0.079687 0.144208
0 0.411719 0.533097 0.089063 0.139480
0 0.497656 0.529551 0.092188 0.151300
0 0.583594 0.530733 0.089063 0.144208
0 0.674219 0.528369 0.092188 0.134752
0 0.764844 0.529551 0.095312 0.141844
0 0.866406 0.528369 0.098437 0.144208
0 0.955469 0.530733 0.089063 0.163121
0 0.047656 0.419622 0.082812 0.144208
0 0.129688 0.417258 0.084375 0.139480
0 0.209375 0.418440 0.081250 0.141844
0 0.289844 0.413712 0.085938 0.146572
0 0.373437 0.414894 0.084375 0.144208
0 0.456250 0.417258 0.084375 0.139480
0 0.542969 0.412530 0.085938 0.144208
0 0.625781 0.403073 0.085938 0.139480
0 0.723437 0.405437 0.087500 0.139480
0 0.812500 0.404255 0.096875 0.132388
0 0.905469 0.405437 0.104688 0.139480
0 0.030469 0.308511 0.057813 0.120567
0 0.101562 0.310875 0.084375 0.130024
0 0.176563 0.307329 0.078125 0.127660
0 0.259375 0.309693 0.075000 0.132388
0 0.340625 0.308511 0.075000 0.134752
0 0.420312 0.302600 0.078125 0.122931
0 0.504687 0.297872 0.090625 0.137116
0 0.589063 0.289598 0.084375 0.139480
0 0.679688 0.290780 0.093750 0.146572
0 0.768750 0.286052 0.093750 0.137116
0 0.868750 0.280142 0.090625 0.134752
0 0.953125 0.270686 0.090625 0.148936
0 0.075000 0.195035 0.078125 0.144208
0 0.160156 0.200946 0.073438 0.127660
0 0.224219 0.189125 0.082812 0.141844
0 0.312500 0.198582 0.078125 0.141844
0 0.380469 0.183215 0.082812 0.139480
0 0.460938 0.180851 0.087500 0.144208
0 0.546094 0.171395 0.085938 0.130024
0 0.639062 0.173759 0.090625 0.144208
0 0.732812 0.164303 0.106250 0.144208
0 0.823438 0.159574 0.103125 0.158392
0 0.913281 0.151300 0.104688 0.141844
0 0.032031 0.075650 0.060937 0.127660
0 0.096875 0.079196 0.081250 0.130024
0 0.173437 0.076832 0.081250 0.148936
0 0.258594 0.070922 0.085938 0.137116
0 0.339062 0.073286 0.090625 0.137116
0 0.423438 0.069740 0.093750 0.130024
0 0.508594 0.062648 0.092188 0.120567
0 0.592969 0.062648 0.098437 0.120567
0 0.683594 0.060284 0.101562 0.115839
0 0.774219 0.059102 0.101562 0.113475
0 0.868750 0.053191 0.106250 0.101655
0 0.956250 0.046099 0.087500 0.087470
