0 0.058594 0.947347 0.115625 0.095357
0 0.173828 0.951907 0.122656 0.096186
0 0.282031 0.951493 0.109375 0.097015
0 0.380469 0.953151 0.118750 0.092040
0 0.483594 0.958955 0.110937 0.082090
0 0.579297 0.959370 0.108594 0.081260
0 0.677344 0.962272 0.100000 0.075456
0 0.769531 0.966003 0.098437 0.067993
0 0.862891 0.966418 0.110156 0.067164
0 0.951562 0.966833 0.096875 0.063018
0 0.929688 0.908375 0.103125 0.077114
0 0.830078 0.894693 0.107031 0.084577
0 0.742188 0.888889 0.109375 0.087894
0 0.644141 0.890962 0.100781 0.090381
0 0.548438 0.888060 0.110937 0.087894
0 0.446484 0.876866 0.111719 0.098673
0 0.340625 0.864842 0.114062 0.089552
0 0.231641 0.870232 0.122656 0.095357
0 0.122656 0.871061 0.123438 0.105307
0 0.037500 0.865672 0.073438 0.107794
0 0.069922 0.774046 0.119531 0.106965
0 0.185547 0.784411 0.119531 0.094527
0 0.300000 0.788557 0.115625 0.087894
0 0.406641 0.792703 0.108594 0.096186
0 0.511328 0.803068 0.114844 0.090381
0 0.610938 0.806385 0.112500 0.083748
0 0.709375 0.818823 0.112500 0.087065
0 0.807813 0.822554 0.107813 0.087894
0 0.896875 0.832090 0.101562 0.073798
0 0.962500 0.766998 0.075000 0.087894
0 0.870703 0.748756 0.100781 0.089552
0 0.771094 0.736733 0.098437 0.090381
0 0.674609 0.730514 0.100781 0.092869
0 0.574219 0.723051 0.107813 0.096186
0 0.470313 0.713516 0.103125 0.093698
0 0.362109 0.710614 0.105469 0.107794
0 0.250391 0.703980 0.117969 0.097844
0 0.135937 0.699834 0.126562 0.099502
0 0.033203 0.686567 0.064844 0.114428
0 0.075781 0.601161 0.134375 0.111111
0 0.200000 0.609453 0.128125 0.111111
0 0.319141 0.618574 0.125781 0.111111
0 0.429688 0.628939 0.117188 0.098673
0 0.540625 0.630182 0.107813 0.099502
0 0.641797 0.640133 0.113281 0.107794
0 0.744531 0.650912 0.096875 0.099502
0 0.845313 0.662935 0.107813 0.106965
0 0.949609 0.685323 0.097656 0.088723
0 0.044922 0.475539 0.088281 0.121891
0 0.143750 0.521973 0.134375 0.115257
0 0.276953 0.521144 0.119531 0.108624
0 0.390234 0.531509 0.116406 0.112769
0 0.505078 0.545605 0.105469 0.099502
0 0.608594 0.547264 0.109375 0.107794
0 0.714063 0.570481 0.115625 0.106136
0 0.817578 0.573383 0.099219 0.103648
0 0.933203 0.596600 0.103906 0.100332
0 0.103125 0.376036 0.153125 0.130182
0 0.228906 0.419569 0.143750 0.117745
0 0.354297 0.435323 0.128906 0.116086
0 0.475781 0.454395 0.118750 0.122720
0 0.592187 0.461028 0.125000 0.111111
0 0.700391 0.477612 0.107031 0.102819
0 0.805078 0.487562 0.121094 0.107794
0 0.920312 0.516169 0.112500 0.103648
0 0.050781 0.257048 0.100000 0.144279
0 0.178125 0.261194 0.145313 0.132670
0 0.305078 0.318408 0.136719 0.131012
0 0.433203 0.332504 0.132031 0.129353
0 0.551562 0.350746 0.121875 0.126036
0 0.669141 0.362355 0.130469 0.127695
0 0.773047 0.378109 0.119531 0.126036
0 0.887891 0.407546 0.119531 0.110282
0 0.971875 0.424544 0.056250 0.119403
0 0.960547 0.309701 0.078906 0.135158
0 0.872266 0.288972 0.135156 0.140133
0 0.752344 0.267828 0.140625 0.139303
0 0.507812 0.226783 0.125000 0.151741
0 0.387891 0.208541 0.152344 0.153400
