0 0.074190 0.160075 0.105985 0.199623
0 0.188279 0.143126 0.124688 0.203390
0 0.313591 0.135593 0.123441 0.195857
0 0.439526 0.128060 0.120948 0.188324
0 0.035536 0.323917 0.068579 0.184557
0 0.133416 0.322034 0.122195 0.184557
0 0.249377 0.309793 0.114713 0.190207
0 0.372195 0.308851 0.125935 0.214689
0 0.503741 0.299435 0.129676 0.199623
0 0.630299 0.292844 0.128429 0.197740
0 0.774938 0.283427 0.138404 0.209040
0 0.910224 0.279661 0.144638 0.197740
0 0.067332 0.479284 0.132170 0.171375
0 0.187656 0.477401 0.133416 0.182674
0 0.309227 0.481168 0.144638 0.197740
0 0.435786 0.469868 0.130923 0.205273
0 0.566085 0.468927 0.137157 0.207156
0 0.705736 0.462335 0.139651 0.201507
0 0.845387 0.467043 0.134663 0.199623
0 0.959476 0.458569 0.081047 0.201507
0 0.246259 0.646893 0.120948 0.182674
0 0.375935 0.646893 0.128429 0.201507
0 0.501247 0.652542 0.132170 0.205273
0 0.634040 0.639360 0.143392 0.201507
0 0.776185 0.636535 0.128429 0.207156
0 0.917082 0.629944 0.143392 0.205273
0 0.308603 0.806026 0.115960 0.188324
0 0.440150 0.814501 0.142145 0.178908
0 0.568579 0.808851 0.142145 0.186441
0 0.705112 0.816384 0.145885 0.193974
0 0.844763 0.804143 0.143392 0.188324
0 0.953865 0.804143 0.092269 0.184557
