0 0.036458 0.888189 0.070833 0.148031
0 0.120833 0.895276 0.089583 0.155906
0 0.198437 0.893701 0.080208 0.155906
0 0.275000 0.892126 0.089583 0.155906
0 0.361458 0.892913 0.091667 0.148031
0 0.442188 0.900000 0.084375 0.149606
0 0.528125 0.897638 0.095833 0.148031
0 0.623958 0.900787 0.089583 0.154331
0 0.709896 0.901575 0.098958 0.152756
0 0.806250 0.907087 0.095833 0.154331
0 0.904687 0.916535 0.107292 0.157480
0 0.076042 0.769291 0.081250 0.159055
0 0.158333 0.770866 0.085417 0.152756
0 0.240625 0.769291 0.083333 0.143307
0 0.318229 0.770079 0.084375 0.151181
0 0.405729 0.770866 0.082292 0.149606
0 0.491146 0.773228 0.080208 0.148031
0 0.586979 0.774803 0.082292 0.144882
0 0.667188 0.775591 0.094792 0.152756
0 0.760938 0.777165 0.092708 0.146457
0 0.852604 0.787402 0.098958 0.148031
0 0.958333 0.788189 0.083333 0.162205
0 0.051042 0.653543 0.081250 0.141732
0 0.123958 0.649606 0.081250 0.155906
0 0.203125 0.651181 0.089583 0.146457
0 0.289062 0.651969 0.088542 0.151181
0 0.375000 0.655118 0.077083 0.144882
0 0.448958 0.652756 0.087500 0.140157
0 0.536458 0.648819 0.087500 0.144882
0 0.625000 0.649606 0.095833 0.140157
0 0.717708 0.651181 0.093750 0.152756
0 0.809375 0.652756 0.100000 0.146457
0 0.902083 0.657480 0.097917 0.149606
0 0.026562 0.533858 0.051042 0.132283
0 0.079167 0.533071 0.079167 0.146457
0 0.175521 0.537795 0.092708 0.137008
0 0.260937 0.538583 0.082292 0.141732
0 0.341146 0.536220 0.076042 0.133858
0 0.408333 0.529921 0.085417 0.140157
0 0.495312 0.529921 0.092708 0.140157
0 0.584375 0.530709 0.091667 0.138583
0 0.672396 0.525984 0.105208 0.141732
0 0.764062 0.524409 0.105208 0.144882
0 0.861979 0.526772 0.105208 0.146457
0 0.953125 0.533071 0.091667 0.149606
0 0.048958 0.421260 0.083333 0.162205
0 0.123958 0.417323 0.087500 0.151181
0 0.201042 0.420472 0.083333 0.138583
0 0.290625 0.416535 0.093750 0.149606
0 0.368750 0.414173 0.091667 0.144882
0 0.456771 0.415748 0.096875 0.148031
0 0.540104 0.409449 0.088542 0.141732
0 0.623437 0.408661 0.092708 0.146457
0 0.718229 0.404724 0.086458 0.138583
0 0.811458 0.404724 0.093750 0.148031
0 0.908333 0.403150 0.100000 0.151181
0 0.029687 0.310236 0.057292 0.135433
0 0.101562 0.303937 0.090625 0.144882
0 0.175521 0.300787 0.086458 0.138583
0 0.262500 0.305512 0.079167 0.125984
0 0.341667 0.304724 0.081250 0.140157
0 0.419271 0.296850 0.086458 0.143307
0 0.508333 0.298425 0.079167 0.133858
0 0.591146 0.296850 0.082292 0.140157
0 0.683854 0.286614 0.088542 0.138583
0 0.776042 0.284252 0.089583 0.140157
0 0.866667 0.281890 0.081250 0.135433
0 0.956250 0.278740 0.087500 0.141732
0 0.070833 0.198425 0.085417 0.135433
0 0.164583 0.200787 0.087500 0.130709
0 0.224479 0.193701 0.082292 0.138583
0 0.311979 0.197638 0.094792 0.140157
0 0.383854 0.188189 0.086458 0.140157
0 0.458854 0.177953 0.088542 0.132283
0 0.553125 0.173228 0.102083 0.144882
0 0.640104 0.171654 0.094792 0.148031
0 0.733854 0.167717 0.086458 0.140157
0 0.826562 0.159055 0.088542 0.138583
0 0.920833 0.151181 0.097917 0.135433
0 0.028125 0.074016 0.054167 0.138583
0 0.100000 0.084252 0.081250 0.140157
0 0.171875 0.075591 0.093750 0.144882
0 0.256250 0.078740 0.091667 0.144882
0 0.337500 0.072441 0.087500 0.138583
0 0.426042 0.069291 0.095833 0.132283
0 0.507812 0.062205 0.096875 0.121260
0 0.593229 0.059055 0.092708 0.114961
0 0.678646 0.060630 0.103125 0.111811
0 0.775521 0.053543 0.098958 0.103937
0 0.868750 0.052756 0.106250 0.102362
0 0.954167 0.048031 0.087500 0.092913
