0 0.134545 0.946210 0.090909 0.100244
0 0.218182 0.946210 0.090909 0.105134
0 0.306364 0.942543 0.083636 0.092910
0 0.390000 0.937653 0.081818 0.110024
0 0.469091 0.937653 0.087273 0.097800
0 0.550909 0.940709 0.083636 0.103912
0 0.628636 0.942543 0.084545 0.100244
0 0.715909 0.942543 0.086364 0.107579
0 0.801818 0.945599 0.085455 0.108802
0 0.882727 0.949267 0.081818 0.094132
0 0.102273 0.850856 0.093636 0.105134
0 0.186818 0.847800 0.095455 0.108802
0 0.263182 0.849633 0.090000 0.100244
0 0.347273 0.848411 0.092727 0.097800
0 0.430000 0.849022 0.089091 0.094132
0 0.508636 0.844743 0.091818 0.105134
0 0.587727 0.845966 0.088182 0.100244
0 0.677273 0.852078 0.090909 0.097800
0 0.757273 0.847800 0.089091 0.096577
0 0.840000 0.852689 0.089091 0.099022
0 0.918636 0.859413 0.090000 0.110024
0 0.070000 0.753667 0.089091 0.101467
0 0.146364 0.748778 0.085455 0.103912
0 0.225455 0.750611 0.092727 0.107579
0 0.310909 0.751834 0.080000 0.110024
0 0.388636 0.751834 0.088182 0.110024
0 0.469091 0.749389 0.090909 0.100244
0 0.549545 0.749389 0.091818 0.112469
0 0.637727 0.754890 0.082727 0.103912
0 0.715000 0.759780 0.088182 0.106357
0 0.796818 0.758557 0.082727 0.113692
0 0.878182 0.762225 0.085455 0.103912
0 0.957727 0.757946 0.084545 0.112469
0 0.109091 0.655868 0.100000 0.103912
0 0.190455 0.658313 0.088182 0.099022
0 0.268182 0.659535 0.076364 0.106357
0 0.351364 0.666259 0.084545 0.095355
0 0.430909 0.663814 0.090909 0.102689
0 0.515455 0.661980 0.087273 0.096577
0 0.595455 0.662592 0.090909 0.095355
0 0.678182 0.661980 0.087273 0.096577
0 0.757273 0.665037 0.087273 0.095355
0 0.841364 0.667482 0.082727 0.102689
0 0.919545 0.666870 0.091818 0.099022
0 0.151818 0.567237 0.078182 0.105134
0 0.229545 0.566626 0.086364 0.108802
0 0.309091 0.570293 0.083636 0.103912
0 0.390455 0.575183 0.086364 0.111247
0 0.473182 0.569071 0.090000 0.111247
0 0.555909 0.574572 0.082727 0.102689
0 0.635000 0.569682 0.086364 0.117359
0 0.719545 0.572127 0.088182 0.112469
0 0.800909 0.576406 0.089091 0.103912
0 0.882727 0.571516 0.085455 0.103912
0 0.189091 0.468826 0.083636 0.089242
0 0.271364 0.476773 0.080909 0.107579
0 0.349545 0.477995 0.093636 0.107579
0 0.430455 0.471883 0.091818 0.107579
0 0.514091 0.474328 0.086364 0.107579
0 0.592727 0.476161 0.096364 0.108802
0 0.677727 0.478606 0.086364 0.106357
0 0.759091 0.476161 0.090909 0.113692
0 0.840455 0.476161 0.086364 0.106357
0 0.228182 0.381418 0.085455 0.112469
0 0.309091 0.377751 0.090909 0.102689
0 0.391364 0.378362 0.091818 0.108802
0 0.471364 0.381418 0.095455 0.107579
0 0.557273 0.381418 0.089091 0.110024
0 0.633636 0.383863 0.096364 0.107579
0 0.719091 0.377751 0.089091 0.107579
0 0.805000 0.374083 0.091818 0.112469
0 0.269545 0.281785 0.090000 0.108802
0 0.350455 0.283007 0.082727 0.106357
0 0.432727 0.278117 0.090909 0.096577
0 0.515000 0.278729 0.086364 0.102689
0 0.593182 0.281174 0.090000 0.114914
0 0.680000 0.284841 0.090909 0.114914
0 0.759545 0.289120 0.084545 0.111247
