0 0.329000 0.802000 0.106000 0.100000
0 0.425000 0.767000 0.106000 0.094000
0 0.521000 0.754000 0.102000 0.096000
0 0.610000 0.725000 0.088000 0.098000
0 0.706000 0.711000 0.092000 0.094000
0 0.790000 0.693000 0.088000 0.094000
0 0.870000 0.676000 0.084000 0.104000
0 0.940000 0.658000 0.076000 0.108000
0 0.347000 0.670000 0.106000 0.096000
0 0.437000 0.644000 0.090000 0.104000
0 0.539000 0.632000 0.098000 0.096000
0 0.622000 0.612000 0.084000 0.100000
0 0.709000 0.605000 0.094000 0.106000
0 0.795000 0.585000 0.086000 0.098000
0 0.867000 0.563000 0.086000 0.098000
0 0.361000 0.545000 0.090000 0.102000
0 0.445000 0.527000 0.102000 0.094000
0 0.543000 0.519000 0.094000 0.094000
0 0.627000 0.504000 0.086000 0.092000
0 0.707000 0.491000 0.090000 0.090000
0 0.776000 0.476000 0.084000 0.084000
0 0.368000 0.430000 0.096000 0.092000
0 0.465000 0.423000 0.094000 0.086000
0 0.546000 0.410000 0.088000 0.088000
0 0.629000 0.394000 0.082000 0.092000
0 0.712000 0.388000 0.084000 0.088000
0 0.376000 0.329000 0.112000 0.090000
0 0.480000 0.323000 0.088000 0.090000
0 0.559000 0.313000 0.090000 0.078000
0 0.631000 0.303000 0.074000 0.090000
