0 0.083516 0.879209 0.081319 0.115666
0 0.163187 0.900439 0.082418 0.117130
0 0.247253 0.883602 0.074725 0.109810
0 0.292857 0.789165 0.082418 0.120059
0 0.212637 0.778917 0.084615 0.122987
0 0.131319 0.779649 0.086813 0.115666
0 0.032418 0.811859 0.062637 0.121523
0 0.065385 0.708638 0.080220 0.122987
0 0.153297 0.678624 0.078022 0.118594
0 0.241209 0.673499 0.093407 0.117130
0 0.323077 0.680088 0.087912 0.121523
0 0.027473 0.620059 0.052747 0.112738
0 0.092308 0.609078 0.079121 0.114202
0 0.182967 0.578331 0.084615 0.120059
0 0.272527 0.567350 0.076923 0.103953
0 0.353297 0.576867 0.078022 0.102489
0 0.448901 0.595900 0.093407 0.131772
0 0.494505 0.483895 0.096703 0.121523
0 0.403846 0.481698 0.086813 0.122987
0 0.321429 0.471449 0.093407 0.137628
0 0.234615 0.468521 0.093407 0.114202
0 0.039560 0.514641 0.076923 0.118594
0 0.115385 0.501464 0.096703 0.109810
0 0.163736 0.401171 0.083516 0.102489
0 0.034615 0.398975 0.067033 0.118594
0 0.090110 0.330161 0.083516 0.112738
0 0.031319 0.229868 0.060440 0.114202
0 0.059890 0.125915 0.082418 0.114202
0 0.040659 0.045388 0.079121 0.087848
0 0.115934 0.061493 0.095604 0.111274
0 0.104396 0.219619 0.079121 0.117130
0 0.164835 0.291362 0.081319 0.117130
0 0.443956 0.379209 0.094505 0.111274
0 0.334615 0.357980 0.091209 0.118594
0 0.250000 0.327233 0.095604 0.118594
0 0.229121 0.220351 0.084615 0.127379
0 0.169780 0.142753 0.078022 0.106881
0 0.200000 0.050512 0.094505 0.098097
0 0.261538 0.115666 0.096703 0.122987
0 0.320879 0.043924 0.101099 0.084919
0 0.348352 0.140556 0.081319 0.108346
0 0.313187 0.247438 0.083516 0.114202
0 0.392857 0.280381 0.091209 0.103953
0 0.482967 0.266471 0.089011 0.125915
0 0.426374 0.174231 0.096703 0.108346
0 0.412088 0.070278 0.101099 0.114202
0 0.493956 0.109078 0.100000 0.112738
0 0.315934 0.968521 0.093407 0.062958
0 0.431868 0.969253 0.083516 0.061493
0 0.519231 0.956808 0.095604 0.086384
0 0.609890 0.940703 0.090110 0.106881
0 0.698352 0.928258 0.086813 0.114202
0 0.806593 0.948023 0.081319 0.101025
0 0.881868 0.963397 0.091209 0.073206
0 0.374176 0.912884 0.097802 0.112738
0 0.467033 0.877745 0.094505 0.103953
0 0.552198 0.837482 0.086813 0.099561
0 0.654945 0.828697 0.087912 0.108346
0 0.760989 0.854319 0.086813 0.121523
0 0.865385 0.865300 0.082418 0.111274
0 0.830220 0.773060 0.082418 0.111274
0 0.779670 0.674231 0.091209 0.127379
0 0.692308 0.722548 0.083516 0.115666
0 0.606044 0.750366 0.104396 0.106881
0 0.467582 0.764275 0.100000 0.114202
0 0.529670 0.665447 0.098901 0.115666
0 0.614286 0.619327 0.094505 0.111274
0 0.707143 0.598097 0.095604 0.118594
0 0.584615 0.505124 0.092308 0.131772
0 0.604945 0.382138 0.108791 0.128843
0 0.680769 0.459004 0.102198 0.139092
0 0.918681 0.658126 0.085714 0.124451
0 0.975824 0.612738 0.048352 0.124451
0 0.875824 0.549048 0.098901 0.134700
0 0.960440 0.490483 0.079121 0.120059
0 0.808242 0.472182 0.100000 0.139092
0 0.747802 0.394583 0.089011 0.130307
0 0.826923 0.346999 0.091209 0.128843
0 0.893407 0.436310 0.090110 0.122987
0 0.962637 0.368960 0.074725 0.122987
0 0.901648 0.269400 0.089011 0.122987
0 0.820330 0.217423 0.084615 0.127379
0 0.738462 0.265739 0.096703 0.127379
0 0.653297 0.190337 0.093407 0.122987
0 0.735165 0.140556 0.096703 0.120059
0 0.825275 0.101025 0.085714 0.122987
0 0.906044 0.123719 0.082418 0.130307
0 0.963187 0.207906 0.073626 0.117130
0 0.967033 0.064422 0.065934 0.117130
0 0.673626 0.056369 0.083516 0.109810
0 0.756593 0.039531 0.075824 0.076135
