0 0.352539 0.228516 0.087891 0.131510
0 0.450684 0.216797 0.083008 0.152344
0 0.539551 0.212240 0.086914 0.132812
0 0.621094 0.212891 0.078125 0.144531
0 0.705078 0.212240 0.085938 0.148438
0 0.788086 0.209635 0.087891 0.145833
0 0.863770 0.199219 0.084961 0.148438
0 0.937500 0.210286 0.082031 0.141927
0 0.411621 0.331380 0.090820 0.144531
0 0.503418 0.328125 0.090820 0.140625
0 0.580078 0.319010 0.089844 0.138021
0 0.664062 0.321615 0.101562 0.140625
0 0.738770 0.317057 0.086914 0.141927
0 0.817871 0.319010 0.090820 0.130208
0 0.900391 0.311849 0.078125 0.126302
0 0.966309 0.309245 0.061523 0.128906
0 0.360840 0.447917 0.098633 0.130208
0 0.452637 0.440755 0.090820 0.134115
0 0.537598 0.432943 0.090820 0.131510
0 0.621094 0.432943 0.082031 0.131510
0 0.693359 0.429036 0.080078 0.134115
0 0.773926 0.430339 0.088867 0.144531
0 0.851074 0.421875 0.081055 0.140625
0 0.928223 0.421875 0.083008 0.140625
0 0.982422 0.407552 0.035156 0.125000
0 0.417969 0.563802 0.103516 0.138021
0 0.497559 0.546875 0.084961 0.138021
0 0.579102 0.546875 0.089844 0.145833
0 0.657715 0.533203 0.084961 0.131510
0 0.733887 0.531901 0.081055 0.134115
0 0.815430 0.528646 0.082031 0.138021
0 0.886719 0.524089 0.080078 0.139323
0 0.952637 0.518880 0.071289 0.128906
0 0.369141 0.666667 0.099609 0.135417
0 0.453125 0.662760 0.101562 0.127604
0 0.536621 0.656901 0.090820 0.126302
0 0.615234 0.642578 0.089844 0.126302
0 0.689941 0.641276 0.086914 0.126302
0 0.771484 0.638021 0.089844 0.132812
0 0.843750 0.632161 0.072266 0.128906
0 0.919434 0.625651 0.086914 0.121094
0 0.973633 0.623047 0.052734 0.123698
0 0.405762 0.777995 0.096680 0.123698
0 0.492188 0.763021 0.099609 0.138021
0 0.578125 0.764323 0.099609 0.148438
0 0.652344 0.745443 0.085938 0.128906
0 0.734375 0.740885 0.095703 0.135417
0 0.810059 0.736328 0.086914 0.131510
0 0.883789 0.733724 0.093750 0.134115
0 0.946289 0.725260 0.083984 0.130208
0 0.366211 0.882161 0.099609 0.139323
0 0.451172 0.871094 0.089844 0.122396
0 0.536133 0.866536 0.089844 0.128906
0 0.616699 0.863932 0.069336 0.131510
0 0.692383 0.849609 0.074219 0.121094
0 0.768066 0.848307 0.084961 0.118490
0 0.843750 0.837240 0.082031 0.119792
0 0.915527 0.832031 0.071289 0.117188
0 0.975586 0.837891 0.048828 0.128906
0 0.412109 0.962891 0.078125 0.074219
0 0.495117 0.962891 0.089844 0.074219
0 0.572266 0.955729 0.091797 0.088542
0 0.647949 0.946615 0.092773 0.106771
0 0.722168 0.941406 0.092773 0.117188
0 0.800293 0.940104 0.088867 0.119792
0 0.874512 0.936849 0.079102 0.126302
0 0.945312 0.928385 0.089844 0.125000
