0 0.085449 0.894203 0.086914 0.144928
0 0.032227 0.774638 0.062500 0.140580
0 0.355957 0.860870 0.079102 0.124638
0 0.426758 0.848551 0.070312 0.134783
0 0.492188 0.842754 0.066406 0.131884
0 0.554199 0.834783 0.061523 0.127536
0 0.619629 0.825362 0.055664 0.114493
0 0.668945 0.815942 0.050781 0.115942
0 0.720703 0.815942 0.060547 0.115942
0 0.772461 0.809420 0.050781 0.111594
0 0.816895 0.797826 0.051758 0.108696
0 0.860840 0.794928 0.047852 0.097101
0 0.901367 0.788406 0.042969 0.089855
0 0.941895 0.782609 0.041992 0.098551
0 0.907227 0.696377 0.039062 0.091304
0 0.867676 0.700000 0.043945 0.107246
0 0.826172 0.708696 0.046875 0.095652
0 0.778320 0.711594 0.042969 0.110145
0 0.732910 0.714493 0.053711 0.113043
0 0.678223 0.721014 0.051758 0.105797
0 0.628418 0.723188 0.055664 0.115942
0 0.569336 0.728986 0.056641 0.124638
0 0.515625 0.732609 0.062500 0.114493
0 0.452637 0.746377 0.069336 0.127536
0 0.380859 0.750725 0.074219 0.127536
0 0.401855 0.639130 0.067383 0.113043
0 0.461914 0.632609 0.070312 0.111594
0 0.524902 0.631884 0.059570 0.113043
0 0.578125 0.624638 0.066406 0.107246
0 0.635742 0.626087 0.060547 0.098551
0 0.687012 0.623913 0.057617 0.097101
0 0.732910 0.625362 0.051758 0.091304
0 0.788086 0.618841 0.050781 0.107246
0 0.835449 0.621014 0.047852 0.085507
0 0.874512 0.622464 0.045898 0.100000
0 0.416992 0.538406 0.064453 0.114493
0 0.480469 0.539855 0.066406 0.108696
0 0.538574 0.539855 0.061523 0.102899
0 0.596191 0.535507 0.055664 0.102899
0 0.644043 0.540580 0.047852 0.101449
0 0.691895 0.540580 0.053711 0.101449
0 0.743652 0.539130 0.051758 0.095652
0 0.783203 0.544928 0.042969 0.092754
0 0.829102 0.542754 0.054688 0.097101
0 0.435059 0.446377 0.061523 0.104348
0 0.498535 0.445652 0.059570 0.100000
0 0.552734 0.452899 0.048828 0.100000
0 0.604004 0.455072 0.051758 0.095652
0 0.652344 0.461594 0.044922 0.088406
0 0.701172 0.462319 0.054688 0.092754
0 0.745605 0.465942 0.047852 0.097101
0 0.790039 0.468841 0.050781 0.088406
0 0.449707 0.360870 0.063477 0.098551
0 0.509277 0.368841 0.057617 0.094203
0 0.567383 0.371014 0.058594 0.092754
0 0.617188 0.379710 0.050781 0.095652
0 0.664062 0.386957 0.052734 0.095652
0 0.707031 0.385507 0.048828 0.086957
0 0.749512 0.386957 0.045898 0.089855
0 0.465332 0.282609 0.059570 0.095652
0 0.528809 0.287681 0.061523 0.097101
0 0.575684 0.296377 0.059570 0.100000
0 0.628418 0.305797 0.049805 0.101449
0 0.668457 0.307971 0.047852 0.088406
0 0.709473 0.313768 0.043945 0.088406
0 0.483398 0.207246 0.058594 0.098551
0 0.538574 0.210145 0.045898 0.089855
0 0.584961 0.223188 0.052734 0.084058
0 0.631348 0.231159 0.049805 0.076812
0 0.675293 0.236957 0.053711 0.079710
0 0.544922 0.145652 0.048828 0.085507
0 0.591309 0.157246 0.049805 0.082609
0 0.634766 0.163043 0.052734 0.085507
