0 0.107000 0.779000 0.156000 0.154000
0 0.260000 0.773500 0.170000 0.153000
0 0.421000 0.774000 0.156000 0.152000
0 0.575000 0.768500 0.166000 0.139000
0 0.731000 0.762000 0.168000 0.142000
0 0.892500 0.765000 0.157000 0.160000
0 0.198000 0.635500 0.152000 0.145000
0 0.344000 0.634000 0.142000 0.150000
0 0.493000 0.627000 0.158000 0.130000
0 0.641500 0.624000 0.159000 0.146000
0 0.784000 0.623000 0.148000 0.142000
0 0.276500 0.504000 0.147000 0.148000
0 0.420000 0.503500 0.140000 0.151000
0 0.560000 0.501500 0.134000 0.141000
0 0.706500 0.497000 0.141000 0.150000
0 0.356000 0.386500 0.138000 0.129000
0 0.489500 0.382000 0.143000 0.140000
0 0.626000 0.378000 0.144000 0.144000
0 0.422000 0.282500 0.142000 0.131000
0 0.696000 0.339500 0.040000 0.045000
0 0.729500 0.339500 0.045000 0.037000
0 0.768000 0.338000 0.048000 0.040000
0 0.747500 0.367500 0.037000 0.043000
0 0.711500 0.368500 0.033000 0.039000
0 0.730500 0.398500 0.035000 0.041000
0 0.787500 0.372000 0.045000 0.040000
0 0.802000 0.404500 0.046000 0.033000
0 0.782000 0.431500 0.036000 0.037000
0 0.775000 0.465500 0.028000 0.035000
0 0.812000 0.462500 0.034000 0.029000
0 0.794000 0.490000 0.032000 0.036000
0 0.798500 0.520500 0.031000 0.033000
0 0.888000 0.394000 0.038000 0.042000
0 0.924500 0.388500 0.041000 0.047000
0 0.962500 0.388500 0.037000 0.041000
0 0.901500 0.423500 0.043000 0.043000
0 0.942500 0.424000 0.049000 0.036000
0 0.983500 0.423000 0.033000 0.026000
0 0.865500 0.461500 0.041000 0.045000
0 0.900500 0.458000 0.043000 0.038000
0 0.938500 0.457000 0.041000 0.038000
0 0.980000 0.455000 0.040000 0.036000
0 0.885500 0.492500 0.041000 0.041000
0 0.926500 0.489000 0.041000 0.040000
0 0.960500 0.487500 0.045000 0.035000
0 0.866000 0.519500 0.042000 0.039000
0 0.919000 0.521000 0.038000 0.038000
0 0.971000 0.520000 0.032000 0.028000
0 0.921500 0.553500 0.035000 0.037000
0 0.877500 0.550000 0.043000 0.030000
0 0.983000 0.550000 0.034000 0.030000
0 0.890000 0.581500 0.034000 0.039000
0 0.955000 0.580000 0.046000 0.028000
0 0.985500 0.574000 0.029000 0.024000
