0 0.887183 0.048250 0.108979 0.078500
0 0.944359 0.105250 0.097467 0.062500
0 0.806600 0.090500 0.090560 0.069000
0 0.651573 0.052500 0.113584 0.070000
0 0.526861 0.044500 0.109747 0.071000
0 0.088642 0.099750 0.106677 0.068500
0 0.186109 0.096250 0.094398 0.065500
0 0.286262 0.090500 0.108979 0.069000
0 0.394858 0.098250 0.102072 0.073500
0 0.488488 0.112250 0.097467 0.068500
0 0.580200 0.105000 0.108979 0.075000
0 0.709900 0.112750 0.092095 0.061500
0 0.053338 0.156500 0.091328 0.072000
0 0.144666 0.151750 0.097467 0.064500
0 0.238296 0.149250 0.095932 0.067500
0 0.341136 0.150750 0.100537 0.064500
0 0.451650 0.170750 0.094398 0.066500
0 0.543745 0.162750 0.092863 0.065500
0 0.636224 0.152250 0.089025 0.061500
0 0.768227 0.165250 0.101305 0.062500
0 0.863008 0.146250 0.095932 0.057500
0 0.940906 0.183750 0.107444 0.067500
0 0.832694 0.206500 0.112049 0.076000
0 0.701074 0.211250 0.094398 0.066500
0 0.607444 0.219000 0.092863 0.068000
0 0.513047 0.224750 0.102072 0.068500
0 0.403684 0.217500 0.101305 0.073000
0 0.301995 0.208000 0.095932 0.075000
0 0.213354 0.206000 0.090560 0.071000
0 0.140829 0.211750 0.086723 0.067500
0 0.043361 0.209250 0.085188 0.060500
0 0.089409 0.264250 0.086723 0.066500
0 0.178051 0.267000 0.084421 0.068000
0 0.259785 0.262250 0.091328 0.064500
0 0.341903 0.265750 0.099002 0.063500
0 0.456255 0.270750 0.088258 0.058500
0 0.564467 0.275750 0.095932 0.060500
0 0.660399 0.268750 0.089793 0.062500
0 0.751727 0.253000 0.095932 0.058000
0 0.899847 0.248750 0.092863 0.054500
0 0.066385 0.320000 0.082118 0.053000
0 0.147736 0.321250 0.085188 0.057500
0 0.221412 0.318500 0.100537 0.056000
0 0.311205 0.319000 0.094398 0.055000
0 0.387951 0.315000 0.091328 0.051000
0 0.503070 0.313000 0.097467 0.053000
0 0.616654 0.320500 0.094398 0.054000
0 0.718726 0.305000 0.088258 0.052000
0 0.822333 0.293000 0.097467 0.055000
0 0.939371 0.299750 0.104375 0.060500
0 0.043361 0.371250 0.085188 0.055500
0 0.125480 0.374250 0.079048 0.055500
0 0.203761 0.370250 0.094398 0.061500
0 0.285495 0.373250 0.075211 0.063500
0 0.363008 0.368500 0.085955 0.067000
0 0.443592 0.360250 0.081351 0.056500
0 0.531466 0.353250 0.103607 0.061500
0 0.674213 0.358250 0.094398 0.060500
0 0.779355 0.350250 0.100537 0.061500
0 0.868381 0.342500 0.089793 0.058000
0 0.031466 0.416500 0.061397 0.048000
0 0.111282 0.420250 0.072141 0.057500
0 0.190330 0.418500 0.082886 0.058000
0 0.272832 0.422250 0.091328 0.059500
0 0.344589 0.415500 0.069071 0.054000
0 0.421719 0.409250 0.095932 0.058500
0 0.503454 0.403000 0.082886 0.067000
0 0.614735 0.394000 0.087490 0.051000
0 0.744820 0.401000 0.095932 0.054000
0 0.837682 0.392500 0.099002 0.048000
0 0.949731 0.376750 0.092863 0.060500
0 0.902533 0.434750 0.116654 0.065500
0 0.798542 0.447250 0.106677 0.069500
0 0.668074 0.427500 0.095932 0.074000
0 0.562932 0.436750 0.105142 0.063500
0 0.458941 0.450250 0.089025 0.067500
0 0.378741 0.461250 0.086723 0.066500
0 0.299693 0.469750 0.088258 0.062500
0 0.224482 0.472250 0.085188 0.059500
0 0.149271 0.463750 0.097467 0.059500
0 0.071374 0.466000 0.075211 0.053000
0 0.035687 0.514000 0.069839 0.053000
0 0.105526 0.515500 0.089793 0.054000
0 0.206447 0.522250 0.082886 0.053500
0 0.283960 0.512250 0.078281 0.054500
0 0.357252 0.509750 0.065234 0.055500
0 0.445894 0.502500 0.070606 0.049000
0 0.529163 0.492000 0.095932 0.061000
0 0.624328 0.479500 0.085188 0.051000
0 0.721028 0.481500 0.086723 0.045000
0 0.857636 0.488500 0.094398 0.052000
0 0.955104 0.477000 0.088258 0.052000
0 0.034919 0.558500 0.068304 0.044000
0 0.104758 0.552500 0.094398 0.043000
0 0.149655 0.572000 0.075211 0.051000
0 0.228703 0.571750 0.082886 0.039500
0 0.307751 0.558000 0.072141 0.052000
0 0.391404 0.554500 0.076746 0.055000
0 0.483500 0.547250 0.084421 0.055500
0 0.569839 0.537750 0.088258 0.059500
0 0.660399 0.528000 0.089793 0.054000
0 0.771681 0.524250 0.097467 0.059500
0 0.912126 0.534000 0.088258 0.052000
0 0.042210 0.600500 0.081351 0.047000
0 0.065618 0.645000 0.066769 0.055000
0 0.140445 0.612500 0.070606 0.052000
0 0.224866 0.604500 0.078281 0.047000
0 0.305449 0.604500 0.089025 0.053000
0 0.388335 0.595250 0.079816 0.042500
0 0.471604 0.590000 0.083653 0.053000
0 0.556408 0.579500 0.089025 0.045000
0 0.641213 0.576500 0.105142 0.049000
0 0.732540 0.566000 0.092863 0.051000
0 0.838450 0.559500 0.097467 0.049000
0 0.962011 0.577000 0.075979 0.050000
0 0.895242 0.610250 0.099002 0.060500
0 0.789332 0.611250 0.097467 0.068500
0 0.693784 0.617750 0.105909 0.062500
0 0.602840 0.626500 0.099002 0.053000
0 0.516500 0.628250 0.102840 0.061500
0 0.421335 0.638750 0.090560 0.057500
0 0.336531 0.649250 0.082118 0.061500
0 0.255564 0.655500 0.082886 0.059000
0 0.183039 0.656500 0.082118 0.051000
0 0.069455 0.678500 0.071374 0.045000
0 0.075979 0.729500 0.084421 0.064000
0 0.156562 0.723750 0.085955 0.054500
0 0.270913 0.738750 0.081351 0.059500
0 0.360322 0.733750 0.094398 0.061500
0 0.449348 0.727250 0.083653 0.059500
0 0.529931 0.723750 0.085188 0.052500
0 0.619724 0.714250 0.100537 0.060500
0 0.709900 0.709750 0.082886 0.059500
0 0.798542 0.705000 0.100537 0.065000
0 0.900230 0.696750 0.102840 0.064500
0 0.022640 0.796500 0.043745 0.052000
0 0.092479 0.798750 0.099002 0.070500
0 0.186876 0.806000 0.089793 0.058000
0 0.278972 0.792500 0.088258 0.058000
0 0.390637 0.800500 0.101305 0.057500
0 0.492830 0.800500 0.091328 0.066500
0 0.583340 0.795250 0.089793 0.058000
0 0.668074 0.792000 0.085188 0.065500
0 0.755069 0.781000 0.097467 0.063000
0 0.870339 0.781250 0.081620 0.059500
