0 0.176875 0.848750 0.123750 0.135000
0 0.285625 0.841875 0.108750 0.133750
0 0.392500 0.838750 0.112500 0.130000
0 0.510000 0.830625 0.112500 0.123750
0 0.616875 0.825000 0.103750 0.127500
0 0.709375 0.823125 0.096250 0.111250
0 0.820625 0.814375 0.088750 0.131250
0 0.920000 0.811875 0.097500 0.113750
0 0.223125 0.721250 0.131250 0.147500
0 0.338125 0.717500 0.121250 0.135000
0 0.446875 0.723125 0.118750 0.123750
0 0.556875 0.715625 0.111250 0.126250
0 0.670000 0.715000 0.100000 0.127500
0 0.779375 0.718125 0.106250 0.113750
0 0.893750 0.711250 0.097500 0.125000
0 0.965000 0.701875 0.070000 0.111250
0 0.295625 0.597500 0.121250 0.137500
0 0.413125 0.603750 0.123750 0.150000
0 0.513125 0.599375 0.106250 0.131250
0 0.609375 0.604375 0.113750 0.133750
0 0.721875 0.606875 0.113750 0.141250
0 0.846875 0.606875 0.121250 0.131250
0 0.947500 0.598750 0.105000 0.137500
0 0.358750 0.481875 0.122500 0.123750
0 0.481250 0.485625 0.107500 0.121250
0 0.566875 0.489375 0.098750 0.126250
0 0.662500 0.500625 0.100000 0.123750
0 0.778125 0.494375 0.103750 0.128750
0 0.870000 0.487500 0.097500 0.122500
0 0.966250 0.486875 0.067500 0.118750
0 0.397500 0.376250 0.107500 0.137500
0 0.515625 0.382500 0.116250 0.130000
0 0.663125 0.390000 0.098750 0.127500
0 0.726875 0.385000 0.073750 0.125000
0 0.824375 0.380625 0.098750 0.126250
0 0.938750 0.390000 0.097500 0.125000
0 0.459375 0.268750 0.106250 0.127500
0 0.589375 0.276250 0.101250 0.122500
0 0.693750 0.279375 0.110000 0.126250
0 0.780000 0.266250 0.037500 0.050000
0 0.840000 0.263125 0.047500 0.036250
0 0.852500 0.303750 0.032500 0.045000
0 0.823125 0.306875 0.038750 0.046250
0 0.793125 0.301250 0.031250 0.032500
